1.575497,1.330006,0.5356917,0.2618439,0.3905825,0.1521507,0.559949,0.3469397,0.2130093
1.578269,1.311376,0.5370817,0.2614694,0.393551,0.1519086,0.5389591,0.3469208,0.1920383
1.578222,1.324932,0.5345666,0.2611285,0.3905306,0.151856,0.5524143,0.3469267,0.2054876
1.576259,1.324483,0.5352061,0.2613002,0.39101,0.1516207,0.5539501,0.3469672,0.2069829
1.577481,1.33313,0.5360552,0.2628833,0.3918388,0.1515769,0.5624544,0.3470375,0.2154169
1.538549,1.33477,0.5361024,0.2622829,0.3924265,0.1515725,0.5659618,0.347016,0.2189457
1.538575,1.327099,0.5356208,0.2615477,0.3921491,0.1514436,0.5580673,0.3471072,0.2109601
1.577502,1.320721,0.5379075,0.2620646,0.3939873,0.1515113,0.5511545,0.3469809,0.2041736
1.567072,1.316665,0.5380351,0.2609792,0.3959137,0.1513209,0.5459007,0.347086,0.1988147
1.579214,1.314957,0.5337046,0.2589125,0.392162,0.1508999,0.5453492,0.3471108,0.1982384
1.579673,1.315565,0.535352,0.2578031,0.3948829,0.1509499,0.545183,0.3471648,0.1980182
1.579348,1.314285,0.5352415,0.25837,0.3941461,0.1510113,0.5445645,0.3471547,0.1974098
1.579632,1.316721,0.5350466,0.2578505,0.3941981,0.1509826,0.5472921,0.3471294,0.2001628
1.579704,1.317602,0.5369655,0.2581219,0.3963169,0.1509492,0.5479106,0.3471956,0.2007149
1.57985,1.317945,0.5379163,0.2584882,0.3967122,0.1508703,0.54808,0.3472616,0.2008184
1.577726,1.316388,0.5380839,0.2584715,0.396697,0.1506876,0.5466536,0.3472997,0.1993539
1.576758,1.317851,0.5367651,0.2594238,0.3963899,0.1503195,0.5488072,0.347306,0.2015013
1.575483,1.317436,0.5387599,0.2595904,0.3979858,0.1506122,0.5484825,0.347302,0.2011805
1.57317,1.315308,0.5366785,0.2603899,0.3942146,0.1505483,0.5470461,0.3474014,0.1996447
1.572849,1.315216,0.538092,0.2599399,0.3960345,0.1508145,0.5475065,0.3474369,0.2000696
1.573927,1.312276,0.5393883,0.2605411,0.3971369,0.1508116,0.5434819,0.3474654,0.1960165
1.575686,1.310696,0.5357348,0.2603706,0.3936412,0.1509575,0.5417119,0.3474651,0.1942468
1.575532,1.310225,0.5361063,0.259792,0.3945879,0.1509795,0.5415258,0.347454,0.1940718
1.540314,1.312028,0.5336119,0.2603228,0.3915793,0.1506963,0.5429475,0.3472908,0.1956567
1.540215,1.311826,0.535167,0.2600237,0.3943084,0.150878,0.542795,0.3473529,0.1954421
1.534227,1.310008,0.5367722,0.2612543,0.3963718,0.1512256,0.5409606,0.3476906,0.19327
1.573323,1.30949,0.5355736,0.2610246,0.394989,0.1510358,0.5416113,0.3476772,0.193934
1.57545,1.308108,0.5345833,0.2626469,0.3933343,0.1511426,0.5395914,0.3477782,0.1918132
1.575684,1.31348,0.5344091,0.2609562,0.3932419,0.1511689,0.5446986,0.3477874,0.1969111
1.576277,1.31603,0.5355787,0.2602187,0.3945681,0.1510812,0.5476657,0.3478435,0.1998222
1.576583,1.317063,0.5372442,0.2592631,0.396051,0.1510409,0.5485476,0.3475497,0.2009979
1.577398,1.318399,0.5396534,0.2596122,0.3981643,0.1509201,0.5497022,0.3476416,0.2020605
1.577115,1.316807,0.5392979,0.2588704,0.3984419,0.1516944,0.5480854,0.3474749,0.2006105
1.57763,1.317492,0.5409001,0.2588331,0.3992546,0.1532681,0.5483649,0.34765,0.2007149
1.572944,1.308558,0.543222,0.2586321,0.4021199,0.1533812,0.5395221,0.34766,0.1918621
1.572992,1.308639,0.5416179,0.2593243,0.4000796,0.1532844,0.5396058,0.34778,0.1918257
1.573979,1.310366,0.5356196,0.2593487,0.394168,0.1531608,0.5403844,0.3478143,0.1925701
1.574673,1.311183,0.5374345,0.2589563,0.3962504,0.1525433,0.5409246,0.3479088,0.1930158
1.5715,1.312098,0.5337825,0.2583652,0.3932784,0.1520096,0.5417668,0.3479327,0.1938341
1.571888,1.312481,0.5322169,0.2577513,0.3922026,0.1519924,0.5419927,0.3479788,0.1940139
1.571432,1.310129,0.5367358,0.2583653,0.3968273,0.1516353,0.5396616,0.3480215,0.1916401
1.538278,1.313651,0.5359328,0.2585341,0.3957184,0.1516139,0.5429833,0.348071,0.1949122
1.578528,1.314737,0.5384319,0.2594125,0.3974378,0.1515747,0.5440738,0.348122,0.1959518
1.579519,1.31818,0.5371492,0.2597788,0.396069,0.151799,0.5469859,0.3482142,0.1987717
1.578564,1.31453,0.533788,0.2600673,0.3924112,0.1513709,0.543871,0.3482185,0.1956525
1.578385,1.313683,0.5366933,0.2601613,0.3949896,0.1513452,0.5430858,0.3481404,0.1949454
1.577784,1.312475,0.5372476,0.2606227,0.3952638,0.1513259,0.5433221,0.3482109,0.1951112
1.576407,1.312765,0.535443,0.2617957,0.3933673,0.1510924,0.5437317,0.3482927,0.195439
1.575975,1.317541,0.537396,0.2619636,0.3950877,0.1506879,0.5482666,0.3483613,0.1999052
1.576425,1.319378,0.5387424,0.2609455,0.396366,0.1505354,0.5499037,0.3483856,0.201518
1.577589,1.32041,0.53699,0.2598641,0.3955118,0.1505025,0.5500913,0.3483986,0.2016927
1.576848,1.319887,0.5363365,0.2593663,0.3951804,0.1503349,0.5503871,0.348375,0.2020122
1.573911,1.32857,0.5368145,0.2590242,0.3960171,0.1504235,0.5596073,0.3483853,0.211222
1.57009,1.327951,0.5362404,0.2590014,0.395155,0.1511159,0.5590672,0.3484184,0.2106488
1.575152,1.331622,0.5349116,0.2589931,0.3945058,0.150915,0.5631166,0.3485468,0.2145698
1.57563,1.328799,0.5368829,0.2591336,0.396184,0.1510415,0.5600556,0.3486121,0.2114435
1.575517,1.322006,0.537573,0.2590605,0.3969631,0.1509032,0.5538145,0.3486254,0.2051891
1.576203,1.319926,0.5393389,0.2592714,0.3989283,0.150869,0.5515714,0.3486687,0.2029027
1.576378,1.319944,0.5365212,0.2591075,0.3961627,0.1505354,0.5515096,0.3487279,0.2027817
1.574822,1.316384,0.5384057,0.2598009,0.3972423,0.1505849,0.5493312,0.3487875,0.2005437
1.57522,1.316554,0.5361741,0.2604911,0.3943113,0.1505283,0.5491686,0.3488081,0.2003606
1.573167,1.315635,0.5361403,0.2604666,0.3947899,0.1507541,0.5476122,0.3488346,0.1987776
1.572198,1.316677,0.5344613,0.2606443,0.3927581,0.1510449,0.5492753,0.3488843,0.200391
1.572178,1.305493,0.5362809,0.2603464,0.3941658,0.1507097,0.5376974,0.3489594,0.188738
1.534431,1.310796,0.5372666,0.2598839,0.3951006,0.1507978,0.5426193,0.34893,0.1936893
1.572393,1.314373,0.5370321,0.2603357,0.3948564,0.1510682,0.5459142,0.349718,0.1961963
1.57323,1.315216,0.5361817,0.2595088,0.3950364,0.1510455,0.5465502,0.3495672,0.1969829
1.576241,1.317034,0.5372179,0.2591794,0.3958595,0.1510587,0.5487805,0.3494354,0.1993451
1.576401,1.316869,0.5372484,0.2591211,0.3958552,0.1511024,0.5490793,0.3494242,0.1996551
1.538774,1.317055,0.5388475,0.2594951,0.3966505,0.1507973,0.5492947,0.3493224,0.1999723
1.539529,1.317538,0.5345246,0.2596906,0.3925653,0.1510054,0.5495344,0.3492186,0.2003158
1.577366,1.318143,0.5384081,0.260481,0.3964829,0.1511081,0.5495875,0.3492821,0.2003053
1.535294,1.310684,0.5376586,0.2603037,0.396185,0.1509238,0.5416528,0.3491929,0.1924599
1.53566,1.305017,0.5380756,0.2588867,0.3967963,0.1509821,0.5361261,0.3491694,0.1869567
1.575142,1.316103,0.5375742,0.2586941,0.3964707,0.1510919,0.5458543,0.3491409,0.1967133
1.576114,1.318231,0.5368367,0.2588757,0.3956242,0.1511586,0.5476592,0.3491456,0.1985136
1.573562,1.31936,0.5351201,0.2585563,0.3937991,0.1509889,0.5493373,0.3491774,0.2001598
1.574191,1.332782,0.5354289,0.2575617,0.3950267,0.1509323,0.5634456,0.3492578,0.2141879
1.539337,1.328664,0.5362777,0.2595453,0.3937783,0.1508896,0.5591001,0.3493248,0.2097753
1.537876,1.324981,0.5353161,0.2595728,0.3932593,0.1509522,0.5554937,0.3493759,0.2061178
1.533872,1.321083,0.53339,0.2591287,0.3918143,0.1509669,0.5522229,0.3493966,0.2028263
1.572045,1.320201,0.5340437,0.2591125,0.3926044,0.1508824,0.5518716,0.3493924,0.2024792
1.572504,1.320103,0.5343761,0.2587691,0.3926184,0.1507226,0.5516597,0.3493434,0.2023163
1.535105,1.319753,0.5347548,0.261417,0.3941566,0.1509787,0.5513737,0.3494054,0.2019684
1.534905,1.319166,0.5350105,0.2612863,0.3936647,0.1508154,0.5506089,0.3493695,0.2012395
1.572575,1.319244,0.5301304,0.2615181,0.3886396,0.1507522,0.5506333,0.3493603,0.2012729
1.536316,1.317367,0.5348423,0.2606461,0.3940811,0.1509593,0.5492985,0.3493846,0.199914
