1.566714,1.322724,0.5289595,0.27211,0.3903399,0.1480051,0.5719002,0.2698602,0.30204
1.566244,1.3225,0.528698,0.2716518,0.3906302,0.1482177,0.5716538,0.2696796,0.3019741
1.566022,1.322207,0.5275237,0.2710884,0.3904105,0.1483844,0.5708023,0.2688618,0.3019405
1.566092,1.321631,0.5277498,0.2702513,0.3912467,0.148435,0.5702533,0.268381,0.3018722
1.566587,1.321877,0.5282182,0.2701893,0.3918688,0.148401,0.5709103,0.268676,0.3022342
1.565357,1.320737,0.5281357,0.270408,0.3919897,0.1481889,0.5704982,0.2685935,0.3019046
1.565943,1.321182,0.5292616,0.2707153,0.3931846,0.1480216,0.5712902,0.2689626,0.3023276
1.566005,1.321145,0.5286147,0.2710901,0.3923865,0.1481254,0.5717822,0.2690086,0.3027737
1.567029,1.320927,0.5318319,0.2718786,0.3949791,0.1480994,0.5717202,0.2686699,0.3030503
1.566391,1.320252,0.5304227,0.2711807,0.3942141,0.1480549,0.5718858,0.2688515,0.3030343
1.566966,1.320297,0.5302175,0.2713056,0.3940739,0.1478815,0.5721027,0.269354,0.3027487
1.566537,1.320002,0.5307939,0.2715336,0.3947802,0.1478847,0.5720396,0.2688822,0.3031574
1.566637,1.320069,0.5296304,0.2716758,0.3938822,0.1482821,0.5721545,0.269241,0.3029135
1.566475,1.320354,0.5265109,0.2730783,0.3880262,0.148409,0.572553,0.2692555,0.3032975
1.567863,1.321743,0.5401507,0.2735503,0.4028829,0.1484755,0.5740194,0.2733859,0.3006336
1.568007,1.321804,0.5314318,0.2734516,0.3922806,0.1483425,0.5740301,0.2719782,0.3020519
1.568414,1.322586,0.5298082,0.2730907,0.3910108,0.1483458,0.5736259,0.2715524,0.3020736
1.567991,1.322092,0.5310634,0.2728614,0.3925254,0.1482446,0.5734371,0.2715341,0.3019029
1.567567,1.321969,0.5313352,0.2724784,0.3932296,0.1482916,0.5733014,0.2708011,0.3025004
1.566815,1.32145,0.5339951,0.2727494,0.395273,0.1479426,0.5731155,0.2706394,0.302476
1.565568,1.320986,0.5288714,0.2727671,0.3901322,0.1478942,0.5729368,0.2718371,0.3010997
1.565766,1.32172,0.5340432,0.2727632,0.3953368,0.1478658,0.5737286,0.2718962,0.3018324
1.565809,1.322008,0.5319306,0.2721669,0.3938105,0.148184,0.5735846,0.2714672,0.3021174
1.564988,1.321533,0.5315544,0.2714544,0.3942402,0.1481723,0.5729682,0.2713211,0.3016471
1.566495,1.322522,0.5337218,0.2740307,0.3915065,0.148219,0.5732459,0.271085,0.3021609
1.566996,1.321915,0.5315244,0.274592,0.3888694,0.148481,0.5723194,0.2704446,0.3018748
1.566627,1.321596,0.532946,0.2741447,0.3909921,0.1483984,0.5717062,0.2699638,0.3017424
1.566075,1.321383,0.5279822,0.2738814,0.3863596,0.1480943,0.5716671,0.2700124,0.3016547
1.565966,1.321994,0.5268808,0.273428,0.3856525,0.1483099,0.5717363,0.2696978,0.3020386
1.566663,1.322312,0.5309679,0.2728345,0.3904422,0.1485342,0.5709031,0.2691263,0.3017768
1.567652,1.323154,0.5266168,0.2716323,0.3874085,0.1484794,0.5709306,0.2691655,0.3017651
1.56683,1.322617,0.5269535,0.2721337,0.3871188,0.1486118,0.5706223,0.2697993,0.300823
1.568725,1.323389,0.5292519,0.2709618,0.3913022,0.1485946,0.5714529,0.2698802,0.3015727
1.570347,1.32445,0.5355884,0.2723289,0.395602,0.1487805,0.5718079,0.2701018,0.3017061
1.571118,1.325011,0.5372405,0.2714979,0.3981502,0.1486222,0.5720058,0.270186,0.3018197
1.573915,1.327651,0.5352319,0.2706148,0.3962766,0.148629,0.5733311,0.2700844,0.3032467
1.574536,1.328154,0.5357902,0.2695354,0.3965728,0.1485571,0.5736529,0.2702093,0.3034436
1.574919,1.328357,0.53095,0.2678714,0.3920784,0.14844,0.5725573,0.2692186,0.3033386
1.575511,1.328652,0.5330873,0.2681628,0.3927101,0.1486313,0.5726616,0.2695507,0.3031108
1.575876,1.328923,0.5368487,0.270088,0.3927998,0.1486014,0.5721294,0.2691817,0.3029478
1.575067,1.328703,0.5239052,0.2705927,0.3756966,0.1483672,0.5709569,0.2691395,0.3018174
1.574246,1.328753,0.5232025,0.2679369,0.3770953,0.1484766,0.5702461,0.2685753,0.3016708
1.574853,1.328869,0.5265794,0.2673753,0.379682,0.1485764,0.5704721,0.2690551,0.301417
1.575309,1.329047,0.5295077,0.2693944,0.3810757,0.1485651,0.5705888,0.2693545,0.3012343
1.577608,1.331169,0.527491,0.2687951,0.3802223,0.1486305,0.5702502,0.268775,0.3014751
1.577442,1.331198,0.5301958,0.2688181,0.3834265,0.1481983,0.5702065,0.2687791,0.3014274
1.576858,1.330888,0.5305462,0.2733541,0.379649,0.1484848,0.5703987,0.2688462,0.3015525
1.577451,1.331858,0.5252993,0.2711797,0.3773412,0.1484931,0.5714255,0.2691498,0.3022757
1.577492,1.332203,0.5262752,0.271478,0.3794731,0.1484752,0.5720294,0.2704182,0.3016112
1.576984,1.331844,0.5247468,0.2698998,0.3808387,0.1483601,0.572172,0.2699632,0.3022087
1.580824,1.332909,0.532784,0.2696413,0.3930643,0.1487898,0.5732369,0.2693046,0.3039323
1.580783,1.33338,0.5287419,0.2682222,0.3917396,0.1488665,0.572392,0.2682566,0.3041355
1.581034,1.333307,0.5283783,0.2676318,0.3922525,0.1492983,0.57116,0.2676083,0.3035516
1.580963,1.334121,0.5278695,0.267938,0.3920031,0.149284,0.5715766,0.2676436,0.303933
1.581362,1.334265,0.5301892,0.2686346,0.3937337,0.1493577,0.5711982,0.2670604,0.3041379
1.580805,1.333581,0.5315124,0.2684514,0.3954427,0.1497439,0.5704635,0.266928,0.3035356
1.580199,1.333295,0.5301341,0.2680531,0.3944429,0.1498587,0.5695443,0.2661836,0.3033606
1.578846,1.332512,0.5305831,0.2684682,0.3936553,0.1497317,0.56863,0.2660404,0.3025896
1.578448,1.332076,0.5291914,0.2689486,0.3909521,0.1495403,0.5681044,0.2657811,0.3023233
1.578993,1.332388,0.5308853,0.2696771,0.3893597,0.1495973,0.5675865,0.2657696,0.3018169
1.579432,1.333078,0.5278624,0.2696808,0.3858677,0.1495744,0.5676775,0.2651325,0.302545
1.58099,1.333777,0.5314053,0.2729837,0.3818799,0.1495567,0.5686831,0.2654375,0.3032456
1.579305,1.333058,0.527607,0.2718722,0.3785852,0.1496519,0.5674924,0.2649536,0.3025388
1.580136,1.334302,0.5300902,0.2713037,0.3831856,0.1495496,0.5670591,0.2647512,0.3023078
1.58028,1.334872,0.5270357,0.2708621,0.3802308,0.1494334,0.5670133,0.2647944,0.3022189
1.579602,1.334653,0.5255041,0.2714277,0.3781252,0.1492564,0.5668585,0.2648832,0.3019754
1.579071,1.333905,0.5263289,0.2714063,0.3793203,0.1495012,0.566067,0.2640666,0.3020003
1.579298,1.33373,0.5283566,0.2719797,0.3812888,0.1495544,0.5660034,0.2640664,0.301937
1.576222,1.330794,0.5289776,0.2710314,0.3827285,0.1495301,0.5659309,0.2630939,0.302837
1.577168,1.33136,0.5261555,0.26955,0.3831165,0.1497104,0.5664129,0.2631649,0.303248
1.578416,1.332621,0.5251607,0.2690336,0.3828959,0.1493594,0.5670153,0.2640806,0.3029346
1.579778,1.333667,0.5276412,0.269493,0.3849571,0.1495157,0.5671017,0.2642609,0.3028409
1.58105,1.334962,0.526333,0.2704304,0.3828313,0.1495584,0.5674002,0.2644781,0.3029221
1.580536,1.334496,0.5248021,0.2709507,0.38009,0.1493984,0.5671836,0.2646349,0.3025486
1.58169,1.33532,0.5258402,0.2707666,0.3820411,0.1491848,0.5680022,0.2651347,0.3028675
1.58157,1.336973,0.5319454,0.2707213,0.387342,0.1492916,0.5686762,0.2660637,0.3026125
1.581898,1.3367,0.529506,0.2710373,0.38503,0.1494857,0.5685306,0.2652127,0.3033179
1.582309,1.336876,0.5286601,0.2682745,0.3868196,0.1497678,0.5686287,0.2645359,0.3040928
1.579436,1.335831,0.5267133,0.2679102,0.3851816,0.1497582,0.5670191,0.2641571,0.302862
1.578873,1.33492,0.5264962,0.268318,0.3854528,0.1496297,0.5678406,0.264735,0.3031056
1.579966,1.33539,0.5283877,0.2688537,0.3867352,0.1500084,0.5684521,0.2649376,0.3035145
1.580286,1.33524,0.5305172,0.2685171,0.3890829,0.1500208,0.568624,0.2650167,0.3036073
1.583688,1.336962,0.5240421,0.2697361,0.3823005,0.1500131,0.5706437,0.269805,0.3008387
1.583237,1.336481,0.5288656,0.2701119,0.3867764,0.150075,0.5708763,0.2696739,0.3012024
1.58225,1.335371,0.5290807,0.2710787,0.3860512,0.1498166,0.5700186,0.2689094,0.3011092
1.580197,1.33403,0.5266251,0.2710415,0.3843951,0.1498557,0.5698663,0.2684853,0.301381
1.579252,1.33323,0.5267426,0.2684172,0.3881502,0.149915,0.5694067,0.2672328,0.3021739
1.578552,1.333317,0.5254889,0.2687209,0.3860832,0.1497283,0.5687183,0.2665383,0.30218
1.577516,1.333138,0.5241063,0.2675444,0.3856119,0.1498324,0.5677806,0.2657771,0.3020034
1.578699,1.333811,0.5244524,0.2669,0.3862559,0.1500025,0.5682726,0.2653446,0.302928
