1.723215,1.464632,0.5828685,0.2696996,0.4466302,0.1644339,0.6748511,0.3516588,0.3231923
1.722898,1.464577,0.5824539,0.2697319,0.4448318,0.1643536,0.6747488,0.3527834,0.3219655
1.722759,1.464471,0.580974,0.269468,0.4431113,0.1643916,0.6746169,0.352117,0.3224999
1.722882,1.464391,0.584082,0.2733708,0.4408405,0.1652704,0.6748758,0.3514367,0.3234391
1.721482,1.463673,0.5862085,0.2724807,0.4346285,0.1651626,0.6740968,0.3517018,0.322395
1.721787,1.463712,0.5858836,0.271721,0.4334336,0.1644171,0.6739331,0.3523524,0.3215807
1.721099,1.463303,0.5870942,0.2708898,0.4340742,0.1643391,0.673574,0.3523136,0.3212604
1.720794,1.463136,0.5885235,0.270057,0.434463,0.1648278,0.6734861,0.3470284,0.3264577
1.720605,1.463659,0.577321,0.2683588,0.4347928,0.1646719,0.6741266,0.3462733,0.3278533
1.720551,1.463659,0.5844551,0.267582,0.4385882,0.1645505,0.6739683,0.3461265,0.3278418
1.719024,1.462412,0.5807301,0.2668957,0.4394051,0.1646908,0.6731179,0.3472254,0.3258926
1.71894,1.46235,0.5812472,0.2678521,0.4468481,0.1644751,0.6731381,0.3472143,0.3259239
1.718258,1.46215,0.5826265,0.2670875,0.4479328,0.1643111,0.673054,0.3491938,0.3238603
1.718804,1.462515,0.5818192,0.2650413,0.4485799,0.1640023,0.6727707,0.3496748,0.3230959
1.718507,1.461737,0.5840898,0.2653246,0.4500275,0.1640299,0.6721932,0.3503091,0.3218841
1.718903,1.462349,0.5807147,0.2681529,0.444698,0.1642633,0.6724216,0.3505188,0.3219029
1.718752,1.461124,0.5830066,0.2690034,0.4456236,0.1647453,0.6714264,0.3508099,0.3206164
1.719614,1.461955,0.5792456,0.2685627,0.4427637,0.1644223,0.6726088,0.3506477,0.3219611
1.719563,1.46218,0.5808975,0.2688257,0.4433181,0.1643895,0.6726477,0.3503251,0.3223226
1.720018,1.462096,0.5840597,0.2664073,0.4510182,0.1644101,0.6724858,0.3505448,0.321941
1.72079,1.463117,0.5804444,0.2633521,0.4454142,0.1644754,0.6731525,0.3502979,0.3228546
1.722389,1.463931,0.5885236,0.2663954,0.4368246,0.1643825,0.6737102,0.3501495,0.3235607
1.722135,1.463696,0.579104,0.2570868,0.45084,0.1651555,0.6739532,0.3505027,0.3234505
1.7223,1.46498,0.5798844,0.2577827,0.4554451,0.1650704,0.6751195,0.3509101,0.3242094
1.722188,1.464817,0.5780376,0.2647076,0.4469332,0.1647637,0.6747928,0.3519678,0.3228249
1.723453,1.466043,0.5788039,0.2655692,0.4472749,0.1647635,0.674744,0.3522632,0.3224808
1.723326,1.465586,0.5808909,0.2627389,0.4513405,0.1648529,0.674491,0.3529252,0.3215659
1.721529,1.464169,0.5816677,0.2643595,0.4494008,0.1648783,0.6740398,0.3521452,0.3218945
1.722303,1.464815,0.5815649,0.2624004,0.4520005,0.1651161,0.6740184,0.352789,0.3212294
1.723444,1.466623,0.5786132,0.2626269,0.4485756,0.1638131,0.6739435,0.3517843,0.3221592
1.723963,1.466972,0.5892159,0.267043,0.441325,0.1638863,0.6738148,0.3518098,0.3220051
1.724902,1.4668,0.5791375,0.2663745,0.4392631,0.164212,0.6737717,0.3519185,0.3218532
1.722852,1.465616,0.57912,0.2647468,0.4472328,0.1641515,0.6727,0.3520041,0.3206959
1.723077,1.466094,0.5818341,0.2643802,0.4511556,0.1644623,0.6726329,0.3522986,0.3203343
1.724289,1.466264,0.5850022,0.2653406,0.4486375,0.164589,0.6729882,0.3521791,0.3208092
1.724365,1.466033,0.5820628,0.2632509,0.4525075,0.1653043,0.6730242,0.352356,0.3206682
1.723217,1.46463,0.5821946,0.2628224,0.4542308,0.1654277,0.6730162,0.3523784,0.3206378
1.723192,1.463394,0.5801095,0.2610423,0.4545348,0.1654626,0.6723506,0.3525216,0.319829
1.723804,1.463197,0.5813156,0.2591794,0.4580979,0.1654295,0.6717145,0.3523831,0.3193314
1.723847,1.463164,0.5792145,0.2598124,0.4569083,0.1655387,0.6717561,0.3519272,0.3198289
1.723236,1.462742,0.5816491,0.2605858,0.4517836,0.1661433,0.6714839,0.3520413,0.3194426
1.721173,1.462017,0.5799254,0.2606199,0.4564049,0.1662183,0.6703267,0.3522155,0.3181112
1.72094,1.46211,0.578126,0.2596533,0.4553172,0.166134,0.6706165,0.3514608,0.3191557
1.72093,1.462474,0.5790754,0.2605496,0.4532485,0.1662035,0.6710131,0.3519141,0.319099
1.721238,1.46327,0.5846791,0.2594592,0.448509,0.1662203,0.6716301,0.3514875,0.3201426
1.721993,1.464105,0.5856674,0.2600272,0.4491356,0.1664469,0.6718202,0.3518114,0.3200088
1.72159,1.463693,0.5829552,0.2598398,0.4552805,0.1664398,0.6713306,0.3521132,0.3192174
1.722049,1.463776,0.5831947,0.2598513,0.4505883,0.1664564,0.6715558,0.3526897,0.3188661
1.722415,1.464441,0.5849325,0.2623847,0.4484714,0.1666483,0.6720046,0.3524504,0.3195542
1.722367,1.464525,0.5804304,0.2623262,0.4452007,0.1662448,0.6716711,0.3522126,0.3194585
1.721836,1.464643,0.5795985,0.2624756,0.4465664,0.1661957,0.6722354,0.3524081,0.3198273
1.720201,1.462986,0.5788804,0.2623022,0.4474361,0.1662996,0.6717529,0.352562,0.3191909
1.719902,1.46275,0.584175,0.2660249,0.4482761,0.1663039,0.6717869,0.3526785,0.3191084
1.718503,1.461845,0.5875453,0.2655511,0.4482615,0.1663168,0.6715109,0.3523334,0.3191775
1.718485,1.461665,0.5884202,0.2651434,0.4495814,0.1663925,0.6719785,0.352313,0.3196654
1.718533,1.461776,0.585896,0.2605535,0.4545248,0.166403,0.6721594,0.3524019,0.3197576
1.718617,1.461561,0.5871288,0.2607082,0.4538714,0.1663472,0.6718743,0.3523319,0.3195423
1.719925,1.461559,0.5804942,0.2640218,0.4489502,0.1662453,0.6719398,0.3520057,0.3199341
1.717865,1.460526,0.5809456,0.2596279,0.4523346,0.16631,0.6710751,0.3521377,0.3189374
1.719235,1.461513,0.5816765,0.2582451,0.4548235,0.1663449,0.6723803,0.3524258,0.3199545
1.719005,1.46127,0.5829024,0.2593544,0.4582815,0.1662636,0.6721091,0.3524337,0.3196754
1.718866,1.461055,0.5805359,0.2582339,0.4561542,0.1652988,0.671166,0.351375,0.319791
1.719359,1.460961,0.5906184,0.2584997,0.4572204,0.1645997,0.6701257,0.3510839,0.3190418
1.719852,1.461426,0.5903988,0.2583914,0.4553741,0.1647979,0.6703619,0.3515742,0.3187876
1.719513,1.46091,0.5900304,0.2595488,0.4548596,0.1650868,0.6697236,0.3516394,0.3180842
1.719939,1.461454,0.5822726,0.2590268,0.4521973,0.1652516,0.6702949,0.3516722,0.3186227
1.71796,1.460541,0.5834073,0.2622463,0.4515722,0.1653657,0.6698022,0.3518289,0.3179734
1.678407,1.460782,0.5890527,0.2621001,0.4540642,0.1656439,0.6698781,0.3520254,0.3178527
1.677796,1.459932,0.5886211,0.2642904,0.4476155,0.1653586,0.6694178,0.3526317,0.3167861
1.678902,1.461025,0.5898383,0.2637967,0.4491141,0.1656199,0.669915,0.3532456,0.3166694
1.719592,1.461496,0.5892836,0.2586227,0.4536784,0.1656522,0.6700052,0.3530953,0.3169099
1.719899,1.461681,0.5896555,0.2575209,0.4553908,0.1657394,0.6702474,0.3536853,0.3165621
1.682395,1.464468,0.5894098,0.2599853,0.4512667,0.1658908,0.67162,0.353838,0.317782
1.685106,1.465597,0.5902096,0.2589614,0.451282,0.1658799,0.6725782,0.3541459,0.3184322
1.685351,1.466065,0.5802682,0.2585437,0.4520575,0.1659272,0.6724954,0.3540099,0.3184855
1.725469,1.467945,0.5813228,0.2581078,0.4485873,0.1660596,0.674535,0.3539822,0.3205529
1.724799,1.467614,0.5845461,0.25658,0.4503572,0.1660845,0.6745378,0.3539244,0.3206134
1.723162,1.465787,0.5851719,0.2576897,0.4466197,0.1662568,0.6747819,0.3539665,0.3208153
1.723109,1.465882,0.5849443,0.259259,0.4432594,0.1664363,0.6748576,0.354121,0.3207367
1.722328,1.464956,0.5842476,0.259263,0.4437974,0.1669437,0.6744274,0.3540608,0.3203666
1.723469,1.465812,0.5868231,0.2600524,0.4454809,0.1672183,0.6746303,0.3539907,0.3206396
1.684095,1.466184,0.5854999,0.2589488,0.4447681,0.1671901,0.6750284,0.353955,0.3210735
1.684437,1.466139,0.5849316,0.2584004,0.4442505,0.1667995,0.6747927,0.3540547,0.320738
1.724727,1.466134,0.5863556,0.2578254,0.4473941,0.166772,0.6749713,0.3541068,0.3208646
1.725113,1.466335,0.5856263,0.2587051,0.4451218,0.1663633,0.6748439,0.3545674,0.3202765
1.725883,1.466884,0.5846677,0.2581903,0.4448011,0.1662862,0.6746305,0.3542624,0.3203681
1.725633,1.466743,0.5854667,0.2595594,0.4431474,0.1662529,0.6744794,0.3540716,0.3204078
1.725539,1.466538,0.578275,0.2601189,0.4439837,0.1663276,0.674683,0.3542567,0.3204263
