   1.4671556e+00   1.2338485e+00   5.0065416e-01   2.4107333e-01   3.7727106e-01   1.3051393e-01   5.2339759e-01   2.6878345e-01   2.5461414e-01   2.6548827e-01   4.0220471e-01   1.7700336e-01   4.7339495e-01  -5.9516006e-01   4.3726825e-01  -5.3636367e-01  -5.3597145e-01   4.2962429e-04   2.4775424e-04   5.7886439e-04   2.2695837e-04   1.0000000e+00
   1.4360765e+00   1.2269436e+00   5.0441248e-01   2.4756929e-01   3.8569111e-01   1.3033538e-01   5.1631877e-01   2.6801236e-01   2.4830641e-01   2.9097837e-01   4.1216289e-01   1.9930839e-01   5.2793640e-01  -2.4491776e-01   4.4220146e-01  -5.3804450e-01  -5.2681488e-01   5.9089301e-05   4.0947860e-04   5.1352795e-04   1.5793479e-04   1.0000000e+00
   1.4764327e+00   1.2396912e+00   5.0597650e-01   2.5635514e-01   3.7324871e-01   1.3351328e-01   5.2015114e-01   2.5609458e-01   2.6405657e-01   2.4967400e-01   4.0809986e-01   1.8745856e-01   5.1834080e-01  -3.1352897e-01   4.6658670e-01  -5.2480912e-01  -5.1084704e-01   8.2159912e-05   3.7062856e-04   6.5240571e-04   2.0746027e-04   1.0000000e+00
   1.4584572e+00   1.2477885e+00   5.0822971e-01   2.5025065e-01   3.8053065e-01   1.3385729e-01   5.2728797e-01   2.6323531e-01   2.6405265e-01   2.8959293e-01   4.1430027e-01   1.7873839e-01   5.1438632e-01   3.5746671e-02   4.5274649e-01  -5.2188436e-01  -5.3268815e-01   1.0825343e-04   2.5640344e-04   2.7398616e-04   2.5935989e-04   1.0000000e+00
   1.4662345e+00   1.2299412e+00   4.8013897e-01   2.3509917e-01   3.6452550e-01   1.2954596e-01   5.4162876e-01   2.7764034e-01   2.6398842e-01   3.0593796e-01   3.9921610e-01   2.1193875e-01   4.9626596e-01  -3.0585283e-01   4.2955240e-01  -5.3167078e-01  -5.3246826e-01   7.3737269e-04   5.7722100e-04   6.9101840e-04   2.1097309e-04   2.0000000e+00
   1.4408789e+00   1.2025520e+00   4.9185356e-01   2.3463127e-01   3.6395762e-01   1.2653384e-01   5.2269007e-01   2.5614897e-01   2.6654110e-01   3.1176743e-01   3.9852602e-01   2.1064708e-01   5.1392447e-01  -2.1454626e-01   4.2190790e-01  -5.2300364e-01  -5.3304832e-01   4.6768639e-04   3.6100328e-04   2.5800169e-04   2.8345206e-04   2.0000000e+00
   1.4361223e+00   1.1996942e+00   4.8782184e-01   2.4205215e-01   3.5328962e-01   1.2875536e-01   5.0290620e-01   2.6294757e-01   2.3995863e-01   2.9847295e-01   4.0451805e-01   2.1114491e-01   5.2608013e-01  -2.3283608e-01   4.4947703e-01  -5.2198168e-01  -5.2541517e-01   1.9265717e-04   6.5376032e-04   3.9695421e-04   3.3897302e-04   2.0000000e+00
   1.4518889e+00   1.2137357e+00   4.6824619e-01   2.3584140e-01   3.6016727e-01   1.3081381e-01   5.3559773e-01   2.7067629e-01   2.6492143e-01   3.2175875e-01   4.1287943e-01   2.3152372e-01   5.5434738e-01  -1.5126421e-01   4.0876853e-01  -5.4773384e-01  -5.4849319e-01   1.1630039e-04   4.4706896e-04   1.1280504e-03   2.4122700e-04   2.0000000e+00
   1.7746259e+00   1.5485395e+00   6.1653094e-01   2.8481751e-01   5.1095007e-01   1.5620889e-01   7.5214194e-01   4.0159878e-01   3.5054316e-01   3.2059401e-01   5.1107825e-01   2.3144780e-01   6.2300604e-01  -1.4143746e-01   7.4130832e-01  -4.6411790e-01  -4.7363851e-01   1.6590170e-03   1.9826041e-04   6.4613772e-04   5.3129775e-04   3.0000000e+00
   1.7729213e+00   1.5484218e+00   6.2683461e-01   2.8239277e-01   5.1092489e-01   1.5458029e-01   7.5450210e-01   4.0352432e-01   3.5097778e-01   3.2147825e-01   5.1477564e-01   2.2969512e-01   6.5309274e-01  -1.8924107e-01   7.5321348e-01  -4.6284676e-01  -4.6757807e-01   2.0817303e-03   1.7626284e-04   5.0148335e-04   2.8462319e-04   3.0000000e+00
   1.7951196e+00   1.5530716e+00   6.3022483e-01   2.8099974e-01   4.9809513e-01   1.5642925e-01   7.5021984e-01   4.0479962e-01   3.4542022e-01   3.3737680e-01   5.1435481e-01   2.4251520e-01   6.6281494e-01   3.0243062e-02   7.5138230e-01  -4.6900062e-01  -4.7057462e-01   2.4051829e-03   1.8379966e-04   4.6130819e-04   3.8918990e-04   3.0000000e+00
   1.7796365e+00   1.5533171e+00   6.1552346e-01   2.8030464e-01   5.0175878e-01   1.5567912e-01   7.5962978e-01   4.0754646e-01   3.5208333e-01   3.3462256e-01   5.0675480e-01   2.3180467e-01   6.2997667e-01  -1.8242391e-01   7.4175488e-01  -4.6718426e-01  -4.7393475e-01   2.8137909e-03   2.2218481e-04   5.4556519e-04   4.2647643e-04   3.0000000e+00
   1.7057421e+00   1.4658565e+00   5.6334402e-01   2.6097769e-01   4.3459044e-01   1.6736574e-01   6.7397820e-01   3.4843431e-01   3.2554389e-01   3.6326217e-01   4.8624065e-01   2.6308278e-01   5.1310278e-01  -2.7228858e-01   6.6126468e-01  -5.0180658e-01  -4.9005138e-01   1.4764506e-03   2.5411080e-04   6.8521636e-04   3.2522817e-04   4.0000000e+00
   1.7147479e+00   1.4588894e+00   5.7185423e-01   2.6015459e-01   4.4605557e-01   1.6662933e-01   6.8007610e-01   3.5849339e-01   3.2158271e-01   3.6266572e-01   4.8109875e-01   2.6098051e-01   5.1145190e-01  -2.9309389e-01   6.6149081e-01  -4.9830785e-01  -4.8462874e-01   1.6669743e-03   3.3322608e-04   5.5846089e-04   2.9282066e-04   4.0000000e+00
   1.6937031e+00   1.4673691e+00   5.7668077e-01   2.6083161e-01   4.4077562e-01   1.6705479e-01   6.7322620e-01   3.5411295e-01   3.1911324e-01   3.6668930e-01   4.8453167e-01   2.6317960e-01   5.2530987e-01  -2.3744748e-01   6.6228491e-01  -4.9969641e-01  -4.8821309e-01   1.3690961e-03   3.7302366e-04   7.9667473e-04   3.5939789e-04   4.0000000e+00
   1.7007132e+00   1.4755122e+00   5.7384331e-01   2.6086053e-01   4.4462207e-01   1.6636252e-01   6.8563681e-01   3.6382680e-01   3.2181000e-01   3.6807137e-01   4.7719306e-01   2.6082625e-01   4.9697292e-01  -2.6882468e-01   6.6259392e-01  -5.0286576e-01  -4.8961374e-01   1.0777053e-03   5.2125826e-04   1.1343717e-03   3.4678726e-04   4.0000000e+00
   1.6110879e+00   1.3599236e+00   5.4510583e-01   2.6781176e-01   4.1607581e-01   1.5305610e-01   5.9376209e-01   3.0558306e-01   2.8817904e-01   2.8860397e-01   5.1236794e-01   2.1548808e-01   6.1191894e-01  -1.4404349e-01   5.4214414e-01  -4.9443932e-01  -5.0457887e-01   7.1251796e-04   3.2708882e-04   3.8224688e-04   3.9806609e-04   5.0000000e+00
   1.5810147e+00   1.3389783e+00   5.3850981e-01   2.6579938e-01   4.1030527e-01   1.4792299e-01   5.7539394e-01   3.0329944e-01   2.7209449e-01   2.9485853e-01   5.0804529e-01   2.0876484e-01   5.7005772e-01  -1.3497135e-01   5.3248554e-01  -5.0123934e-01  -5.1070817e-01   2.9066697e-04   2.4881450e-04   3.2882937e-04   5.9114024e-04   5.0000000e+00
   1.5559435e+00   1.3311550e+00   5.3038780e-01   2.6363702e-01   3.9645300e-01   1.5101020e-01   5.7149462e-01   2.9677346e-01   2.7472117e-01   2.6959155e-01   4.9271593e-01   2.0902735e-01   5.6504662e-01  -6.0904394e-02   5.3205363e-01  -5.0506310e-01  -5.1172805e-01   7.7741582e-04   2.4031051e-04   2.3561475e-04   5.0060349e-04   5.0000000e+00
   1.6019509e+00   1.3512415e+00   5.4032506e-01   2.6606381e-01   4.0960862e-01   1.5114132e-01   5.8371242e-01   3.0928943e-01   2.7442299e-01   2.5877136e-01   4.8983489e-01   2.0753031e-01   5.7833873e-01  -1.1591118e-01   5.5147435e-01  -4.8849226e-01  -4.9181180e-01   3.1577241e-04   3.4264824e-04   2.8753457e-04   4.2488588e-04   5.0000000e+00
   1.5820623e+00   1.3692897e+00   5.3493610e-01   2.1070127e-01   4.4490878e-01   1.5487588e-01   6.3591842e-01   3.0744119e-01   3.2847725e-01   2.4449366e-01   3.9041085e-01   1.9474338e-01   3.7716130e-01  -2.8964436e-01   5.2403729e-01  -5.1728471e-01  -5.1503686e-01   9.5291201e-08   1.5861864e-08   5.7656031e-06   6.4485355e-06   6.0000000e+00
   1.5845563e+00   1.3660762e+00   5.4035580e-01   2.5958637e-01   4.0315721e-01   1.4198627e-01   6.2477802e-01   3.1328459e-01   3.1149344e-01   3.0556759e-01   4.2992803e-01   2.0309252e-01   4.7685077e-01  -1.8755266e-01   5.3762114e-01  -5.1059871e-01  -5.1009294e-01   3.4977771e-04   1.3448838e-04   6.2109357e-04   6.3743772e-04   6.0000000e+00
   1.5939223e+00   1.3610677e+00   5.3988603e-01   2.5789592e-01   4.0400548e-01   1.4306788e-01   6.3296306e-01   3.1012658e-01   3.2283649e-01   2.7222056e-01   4.2800701e-01   1.9987990e-01   4.8350939e-01  -1.9864286e-02   5.3743634e-01  -4.9420036e-01  -5.1038949e-01   2.0295569e-04   3.2593635e-04   4.7162485e-04   7.3866552e-04   6.0000000e+00
   1.6037892e+00   1.3601962e+00   5.3560465e-01   2.6052133e-01   3.9792394e-01   1.3647005e-01   6.3868779e-01   3.1847114e-01   3.2021665e-01   2.8105162e-01   4.2263255e-01   1.8212328e-01   4.4776489e-01   1.5823346e-02   5.1972688e-01  -5.2831618e-01  -5.3707732e-01   5.2130827e-04   2.4684234e-04   3.3433458e-04   3.6828397e-04   6.0000000e+00
   1.7924158e+00   1.5574663e+00   6.1329195e-01   2.5993142e-01   4.5565477e-01   1.5290254e-01   7.7062017e-01   4.1709669e-01   3.5352348e-01   3.4574448e-01   4.2320820e-01   2.4143701e-01   4.3388360e-01  -3.4610493e-01   7.1206905e-01  -4.7126607e-01  -4.7305779e-01   6.1378078e-04   7.5013288e-04   1.2368547e-03   3.9275939e-04   7.0000000e+00
   1.8158059e+00   1.5670224e+00   6.1986181e-01   2.7001989e-01   4.4551569e-01   1.5666927e-01   7.8665432e-01   4.0815958e-01   3.7849474e-01   3.5721098e-01   4.1679347e-01   2.5345661e-01   4.2079759e-01   3.9265088e-02   7.3983171e-01  -4.4703145e-01  -4.5179448e-01   1.3273523e-03   1.6055026e-03   8.2876904e-04   4.4101439e-04   7.0000000e+00
   1.8115074e+00   1.5630369e+00   6.0089670e-01   2.6176731e-01   4.3724218e-01   1.5478633e-01   7.9325022e-01   4.1256037e-01   3.8068985e-01   3.5263443e-01   4.1384848e-01   2.4354723e-01   3.9295859e-01  -8.6580953e-01   7.3797635e-01  -4.6013321e-01  -4.5178588e-01   1.5432959e-03   4.2586287e-04   1.7784125e-03   3.5232425e-04   7.0000000e+00
   1.8120606e+00   1.5580785e+00   6.2685028e-01   2.6376119e-01   4.5462274e-01   1.5492252e-01   7.8213749e-01   4.2773129e-01   3.5440620e-01   3.4798545e-01   4.1669243e-01   2.4194669e-01   4.1088598e-01   4.3341128e-02   7.3163647e-01  -4.5613170e-01  -4.5183280e-01   1.5070843e-03   5.3904818e-04   8.7653780e-04   2.7553648e-04   7.0000000e+00
   1.7786519e+00   1.5167285e+00   5.8230150e-01   2.6047785e-01   4.3296014e-01   1.5153428e-01   7.4661319e-01   3.8369688e-01   3.6291631e-01   3.8623710e-01   4.2085744e-01   2.8652950e-01   3.8150640e-01  -5.9497001e-02   6.4015632e-01  -5.0419134e-01  -5.1376561e-01   1.5200685e-07   6.2872006e-08   4.2021410e-07   3.9527320e-07   8.0000000e+00
   1.7700062e+00   1.5118123e+00   5.9335560e-01   2.6755558e-01   4.5058942e-01   1.4933218e-01   7.4566744e-01   3.9227120e-01   3.5339625e-01   3.7897144e-01   4.4563987e-01   2.5763864e-01   4.7081587e-01  -1.2797985e-01   7.0090585e-01  -4.6608149e-01  -4.7350210e-01   4.5867911e-04   7.0132110e-04   8.6037380e-04   1.2379310e-03   8.0000000e+00
   1.7772014e+00   1.5214543e+00   5.8828656e-01   2.7617592e-01   4.4271070e-01   1.4993177e-01   7.4580652e-01   3.9005866e-01   3.5574787e-01   3.9253820e-01   4.5575177e-01   2.6854233e-01   4.8000525e-01  -1.1277397e-01   7.0959171e-01  -4.6069870e-01  -4.6790217e-01   6.3588435e-04   9.6473891e-04   8.9916855e-04   9.8257388e-04   8.0000000e+00
   1.7417590e+00   1.5076391e+00   5.9718623e-01   2.7485742e-01   4.5973223e-01   1.4857861e-01   7.2940188e-01   3.7167640e-01   3.5772548e-01   4.0371497e-01   4.6442965e-01   2.7124448e-01   4.8556891e-01  -7.2920167e-02   6.9565108e-01  -4.7267808e-01  -4.7201481e-01   4.3517467e-04   5.7120573e-04   1.0281183e-03   6.6918113e-04   8.0000000e+00
   1.5136800e+00   1.2760399e+00   4.9703463e-01   2.4445496e-01   3.7878646e-01   1.2818461e-01   6.1340423e-01   3.3697235e-01   2.7643188e-01   2.9095890e-01   4.1356363e-01   1.9256065e-01   4.6335276e-01  -6.0920398e-01   4.3411624e-01  -5.3507422e-01  -5.3614243e-01   7.4090800e-04   1.0525344e-04   4.3138453e-04   3.0837677e-04   9.0000000e+00
   1.4822243e+00   1.2605213e+00   4.9893881e-01   2.3767666e-01   3.8502454e-01   1.2406820e-01   6.1126263e-01   3.4506340e-01   2.6619923e-01   2.9282900e-01   4.2021004e-01   2.0081347e-01   4.8219433e-01  -3.2015273e-01   4.5358299e-01  -5.2115744e-01  -5.1354677e-01   9.4557497e-04   3.5826682e-04   2.3528848e-04   6.5623806e-05   9.0000000e+00
   1.5050679e+00   1.2756652e+00   5.1107429e-01   2.4454169e-01   3.8391654e-01   1.3586032e-01   5.7763047e-01   3.0741227e-01   2.7021820e-01   3.0212574e-01   4.1334575e-01   1.9704271e-01   4.4639834e-01   2.3051073e-02   4.6565161e-01  -5.2286352e-01  -5.1309550e-01   5.9375995e-04   3.6023401e-04   3.9900236e-04   1.0255773e-04   9.0000000e+00
   1.4952656e+00   1.2809695e+00   5.0669477e-01   2.4822029e-01   3.7152507e-01   1.3366731e-01   5.9742360e-01   3.2124717e-01   2.7617643e-01   3.0918726e-01   4.1447398e-01   2.0020682e-01   4.5985068e-01   6.1244621e-03   4.5251392e-01  -5.2195128e-01  -5.1277918e-01   4.0550777e-04   7.1346507e-04   4.4413856e-04   2.4979145e-04   9.0000000e+00
