1.56381,1.334582,0.5328263,0.2653041,0.4042413,0.1481439,0.5773212,0.3127281,0.2645931
1.564283,1.332597,0.5278545,0.264985,0.3991551,0.1482918,0.5752447,0.3072147,0.26803
1.552819,1.324836,0.5324181,0.2646291,0.4018184,0.1482882,0.5668957,0.291398,0.2754976
1.565144,1.329979,0.5310073,0.264603,0.4004609,0.148789,0.5731208,0.3005655,0.2725552
1.570357,1.332382,0.532194,0.2644726,0.4016859,0.1490455,0.575401,0.3010282,0.2743728
1.567468,1.330356,0.5302803,0.2632203,0.4004873,0.1489485,0.5734143,0.30008,0.2733342
1.562652,1.32826,0.5285652,0.2650271,0.3972341,0.1486907,0.5714071,0.3041688,0.2672383
1.556734,1.327732,0.5306917,0.2674979,0.3954313,0.148223,0.5713831,0.2981032,0.27328
1.557051,1.331812,0.5287294,0.2674364,0.3932752,0.1482362,0.5750574,0.3042918,0.2707657
1.558362,1.333521,0.5310509,0.2672848,0.3956068,0.1478833,0.5768778,0.3081246,0.2687532
1.551255,1.326383,0.5312023,0.2656987,0.3969929,0.1478923,0.5696557,0.293742,0.2759137
1.549949,1.323601,0.531817,0.2646928,0.3990932,0.1487197,0.566655,0.2858718,0.2807832
1.552414,1.327432,0.5303146,0.2646157,0.3976986,0.1486815,0.5701686,0.3032436,0.266925
1.552419,1.330462,0.5315768,0.2643571,0.3991592,0.1499687,0.5730378,0.2977222,0.2753157
1.548868,1.328665,0.5323506,0.26268,0.4023364,0.1503191,0.570538,0.3024332,0.2681048
1.562519,1.331765,0.5318084,0.262678,0.4017389,0.1528473,0.5744763,0.2952417,0.2792346
1.56291,1.331995,0.5286969,0.2631559,0.3982545,0.1536369,0.5742589,0.3023434,0.2719155
1.558014,1.339879,0.5306538,0.2633533,0.3997966,0.1546188,0.5802051,0.3228598,0.2573453
1.550032,1.329348,0.5274749,0.2641768,0.3961401,0.155294,0.5686775,0.2781484,0.2905292
1.562356,1.343606,0.5302401,0.2627655,0.4004644,0.1547052,0.5825428,0.3316512,0.2508917
1.571705,1.340277,0.5267748,0.2622221,0.397756,0.1545023,0.5790318,0.3179246,0.2611072
1.556211,1.332532,0.5316337,0.2624423,0.4017999,0.1542617,0.571058,0.2886901,0.2823679
1.55,1.329863,0.5388905,0.263857,0.406997,0.1541517,0.5680125,0.2925692,0.2754434
1.557709,1.331268,0.5389455,0.2633483,0.4077668,0.1545321,0.5687361,0.2953636,0.2733725
1.560136,1.329384,0.5310355,0.2633092,0.3998133,0.1546582,0.5666103,0.2920866,0.2745237
1.560815,1.330152,0.5305091,0.2623448,0.3997698,0.1546704,0.5662733,0.2902194,0.276054
1.560492,1.332716,0.5269352,0.26271,0.3953737,0.1548374,0.5697687,0.2930485,0.2767203
1.560315,1.333605,0.5289154,0.262358,0.3976352,0.1548406,0.5701564,0.3116779,0.2584785
1.549833,1.328547,0.5298095,0.262158,0.3989542,0.1545471,0.5646122,0.2919065,0.2727056
1.555619,1.331551,0.5289633,0.2626293,0.3963859,0.1541163,0.5671353,0.297177,0.2699583
1.557765,1.334595,0.526652,0.2623123,0.3942892,0.1526363,0.5697787,0.3046989,0.2650797
1.557651,1.334483,0.5262315,0.2634707,0.3929997,0.152852,0.5692933,0.3069395,0.2623537
1.558369,1.334962,0.5328946,0.2690014,0.3930935,0.1528359,0.5699165,0.3068759,0.2630405
1.55799,1.336527,0.5325279,0.270268,0.3901832,0.1528518,0.5712931,0.3020774,0.2692156
1.559014,1.333524,0.5323707,0.2683283,0.3903623,0.1521468,0.5684668,0.2940316,0.2744353
1.554806,1.327703,0.5309205,0.2672453,0.390829,0.1523564,0.5621663,0.2681492,0.2940171
1.553791,1.336175,0.5305706,0.2667675,0.391133,0.1479258,0.5725085,0.2979941,0.2745144
1.553926,1.327259,0.527503,0.2666202,0.3882436,0.1482349,0.5637942,0.2904641,0.2733301
1.552776,1.326394,0.5299194,0.269634,0.3880668,0.1514419,0.5642644,0.300407,0.2638573
1.554868,1.329195,0.530907,0.2678934,0.3909129,0.1530644,0.5666554,0.294615,0.2720404
1.559059,1.33717,0.5292604,0.268039,0.3892219,0.1547025,0.5763504,0.2973861,0.2789643
1.563283,1.339156,0.5313259,0.2665446,0.3930869,0.155158,0.5778748,0.2959735,0.2819014
1.570145,1.342128,0.532208,0.2665498,0.3941703,0.1555474,0.5815367,0.3004611,0.2810755
1.569116,1.33574,0.5314808,0.2662751,0.3933845,0.1557024,0.5759602,0.2991503,0.2768099
1.559736,1.332974,0.5298772,0.2660218,0.3918576,0.1553024,0.5732144,0.2825927,0.2906217
1.563511,1.334917,0.5295875,0.2656867,0.3912405,0.1551422,0.5750419,0.3043474,0.2706945
1.566987,1.339429,0.5296092,0.2649711,0.3918185,0.154865,0.5795529,0.3053574,0.2741955
1.566605,1.335944,0.5311053,0.2648114,0.3935462,0.154688,0.5753593,0.3081691,0.2671903
1.565898,1.332229,0.5299625,0.2648717,0.3921392,0.1550544,0.5712318,0.3029515,0.2682802
1.565528,1.331067,0.5296614,0.2639892,0.3931315,0.1546584,0.5702776,0.2896775,0.2806001
1.563744,1.340711,0.531285,0.2643951,0.3943718,0.154177,0.5798766,0.3175923,0.2622842
1.562801,1.333295,0.5294079,0.262309,0.3941781,0.1530879,0.5725937,0.3069882,0.2656055
1.562255,1.336049,0.5265356,0.2626941,0.3911111,0.1520619,0.5754058,0.3013595,0.2740463
1.557795,1.334119,0.528378,0.2628221,0.3929175,0.1512084,0.5733526,0.28826,0.2850925
1.554224,1.327604,0.5280519,0.2627409,0.3925773,0.1510083,0.5671327,0.2890904,0.2780424
1.559304,1.332447,0.5280885,0.2620105,0.3939382,0.1506724,0.5724007,0.2912933,0.2811074
1.544999,1.323475,0.5273213,0.2614866,0.3937614,0.1509788,0.5632651,0.2762259,0.2870392
1.535097,1.320436,0.5301139,0.2617996,0.3958815,0.1507065,0.560668,0.2694197,0.2912483
1.55069,1.329427,0.5303953,0.2610318,0.3967829,0.1502658,0.5691131,0.2976371,0.271476
1.552756,1.331561,0.5318068,0.2620409,0.3972744,0.1500056,0.5707468,0.2962655,0.2744813
1.554121,1.333052,0.5304216,0.2622338,0.3956982,0.1497143,0.5724119,0.3133318,0.2590801
1.556117,1.330763,0.5303129,0.2624377,0.395396,0.1480644,0.5728567,0.2922791,0.2805776
1.556041,1.336532,0.5286598,0.2622716,0.3939701,0.1480458,0.5784599,0.29304,0.2854199
1.553628,1.331221,0.5282493,0.2621843,0.3933867,0.1481417,0.5734408,0.2940747,0.2793661
1.554641,1.331908,0.5368276,0.2617946,0.4024669,0.1480028,0.5735942,0.2938309,0.2797633
1.556883,1.336729,0.5343686,0.260684,0.4009562,0.1478803,0.5784654,0.2835085,0.2949568
1.534593,1.316274,0.5278915,0.2604018,0.3945697,0.1477899,0.5582592,0.2761479,0.2821113
1.550683,1.327113,0.5279047,0.2606715,0.3944188,0.1507127,0.5702607,0.2892453,0.2810154
1.54954,1.332365,0.5298771,0.2603774,0.3962401,0.1501067,0.5753535,0.3187608,0.2565928
1.545201,1.331138,0.5312394,0.2603552,0.3979668,0.1498565,0.5729424,0.2793129,0.2936296
1.553179,1.331707,0.5284077,0.2599385,0.39562,0.1495819,0.5729975,0.2898555,0.2831421
1.559306,1.33783,0.5302213,0.2609918,0.3969267,0.1494431,0.5789377,0.291238,0.2876997
1.558321,1.337774,0.5306299,0.2620535,0.396819,0.1493858,0.5788907,0.2969269,0.2819638
1.557966,1.33739,0.53113,0.2621757,0.3970382,0.1482046,0.5794277,0.2941556,0.2852721
1.545965,1.332342,0.5306947,0.2626312,0.3964009,0.1485618,0.5737638,0.2927855,0.2809784
1.547742,1.332474,0.5314623,0.2628396,0.3975221,0.1484009,0.573991,0.2954674,0.2785236
1.552672,1.335075,0.5327441,0.2634601,0.3984817,0.1481788,0.5760923,0.2981964,0.2778958
1.551896,1.329377,0.5257675,0.2639019,0.3911711,0.1485951,0.5708568,0.2942322,0.2766247
1.550958,1.32561,0.5309293,0.2632529,0.3967568,0.1484453,0.5672091,0.291699,0.2755101
1.552254,1.324906,0.5293801,0.2632081,0.3953998,0.1485166,0.5674056,0.2912117,0.2761939
1.543872,1.321757,0.5327611,0.2622101,0.3998418,0.148633,0.5645377,0.2945531,0.2699846
1.554617,1.33003,0.5314993,0.2619578,0.3990831,0.1482444,0.5727958,0.3141184,0.2586774
1.542832,1.322136,0.5288989,0.2622551,0.3967648,0.1481665,0.5652196,0.2744692,0.2907505
1.543368,1.319889,0.5307281,0.2618854,0.3994539,0.1478676,0.5630229,0.2916768,0.2713461
1.543999,1.320081,0.5313317,0.261001,0.4003672,0.1480006,0.5636307,0.2925957,0.271035
1.537911,1.317963,0.5295142,0.2610568,0.3989869,0.1484569,0.5616604,0.2940749,0.2675855
1.53913,1.318916,0.5314152,0.2613522,0.4007047,0.1486131,0.5623554,0.2889708,0.2733846
1.561851,1.330824,0.5303252,0.2599129,0.4018984,0.1490173,0.5744813,0.298906,0.2755753
1.562944,1.329839,0.5307962,0.2615531,0.4001832,0.1495983,0.572875,0.2960977,0.2767773
