1.665792,1.440913,0.5870937,0.2646496,0.4438617,0.1689716,0.6645162,0.3419372,0.322579
1.666965,1.44345,0.5891204,0.2645974,0.4458943,0.1692686,0.66541,0.3431076,0.3223024
1.669079,1.445936,0.576048,0.2672731,0.4357374,0.1693147,0.6660116,0.3438964,0.3221152
1.671513,1.448313,0.5801538,0.267889,0.4370953,0.1690024,0.6669933,0.3455243,0.3214689
1.673603,1.450486,0.5827476,0.2632063,0.4449922,0.168861,0.6677145,0.3461786,0.3215359
1.674765,1.451055,0.5741352,0.2616066,0.4439146,0.1682533,0.6685019,0.3473185,0.3211834
1.67876,1.455167,0.5730541,0.2597663,0.4429738,0.1681258,0.6702411,0.3485489,0.3216921
1.679083,1.455859,0.580537,0.2621752,0.44201,0.1679865,0.6702985,0.3496286,0.3206699
1.680381,1.45714,0.579327,0.2631037,0.4379893,0.1669797,0.6706323,0.3499466,0.3206857
1.720657,1.457512,0.5818185,0.2586039,0.445866,0.1668893,0.6703745,0.3495806,0.3207939
1.720493,1.458345,0.5753234,0.2583388,0.4466723,0.1668612,0.6701008,0.3498363,0.3202645
1.721831,1.459636,0.5752825,0.2608411,0.4464403,0.1668556,0.6700504,0.3498937,0.3201567
1.683055,1.461103,0.5755954,0.2632668,0.4468311,0.1670702,0.6709229,0.3504343,0.3204887
1.686769,1.465197,0.5765595,0.264264,0.4479146,0.1669652,0.6728225,0.3503444,0.3224781
1.690614,1.469999,0.5759335,0.2583951,0.4508568,0.1669837,0.675249,0.3510267,0.3242222
1.688976,1.469285,0.5734304,0.2599814,0.4447078,0.1666516,0.6744021,0.351188,0.3232141
1.729542,1.469458,0.5871568,0.2587548,0.4454385,0.1665596,0.6749553,0.3516773,0.323278
1.689641,1.469957,0.5816082,0.2578657,0.4442682,0.1665765,0.6755152,0.3524405,0.3230747
1.693276,1.470885,0.5795547,0.2591394,0.4402947,0.16619,0.6765715,0.3524758,0.3240957
1.693009,1.472101,0.5792289,0.2594253,0.44204,0.1663427,0.6772763,0.351802,0.3254743
1.693239,1.472093,0.5794085,0.2617513,0.4411772,0.1667844,0.6773496,0.3520702,0.3252794
1.692821,1.471497,0.5795355,0.265878,0.4355113,0.1663053,0.6763133,0.3521073,0.324206
1.692837,1.471552,0.5747694,0.2614187,0.4389763,0.1657427,0.6768168,0.3513392,0.3254775
1.69311,1.47177,0.5830646,0.2612066,0.4379554,0.1656969,0.6769415,0.3516517,0.3252898
1.686043,1.467167,0.5763545,0.256238,0.4552581,0.1657833,0.6724056,0.351584,0.3208216
1.68558,1.469098,0.5716334,0.2559572,0.4464653,0.1663692,0.6745239,0.3516537,0.3228703
1.687576,1.469111,0.5726696,0.2699998,0.4378746,0.1661699,0.6744249,0.3512874,0.3231376
1.687626,1.468924,0.5733349,0.2618354,0.4431052,0.166347,0.6744254,0.3497017,0.3247236
1.687918,1.468666,0.5681163,0.2616067,0.4382152,0.1663487,0.6740043,0.3500797,0.3239245
1.688319,1.469458,0.568566,0.2629736,0.4362549,0.1662411,0.6744519,0.3499946,0.3244573
1.687078,1.468668,0.5783998,0.2608134,0.432941,0.1660829,0.6738105,0.3499581,0.3238524
1.688272,1.469781,0.564269,0.2615055,0.4346059,0.166042,0.6738712,0.3502489,0.3236223
1.691217,1.47089,0.5636591,0.2608163,0.4347802,0.1660704,0.674894,0.3504385,0.3244555
1.693223,1.471982,0.5614062,0.2608842,0.4328028,0.1663604,0.6750039,0.3514512,0.3235528
1.693012,1.471595,0.5613782,0.2612756,0.4316411,0.1662814,0.6745782,0.3512873,0.3232909
1.693202,1.472337,0.5603637,0.2592427,0.4331858,0.1661449,0.6754116,0.3515969,0.3238147
1.692231,1.471649,0.5592656,0.2594139,0.4314792,0.1661452,0.6746387,0.3519361,0.3227026
1.693995,1.472813,0.5605022,0.2570433,0.4340472,0.1660584,0.6755449,0.351723,0.3238219
1.695531,1.473521,0.5660139,0.2573903,0.4379868,0.1659674,0.6761711,0.351769,0.3244021
1.695973,1.473501,0.5634046,0.2612888,0.4315286,0.16589,0.677003,0.3519028,0.3251002
1.692959,1.472848,0.5645534,0.2628615,0.4317628,0.1658526,0.6756738,0.3517995,0.3238742
1.693007,1.472409,0.5654709,0.2625894,0.4330457,0.1655151,0.6753133,0.3518293,0.323484
1.69639,1.473972,0.5625907,0.2627389,0.4299495,0.1656643,0.6769281,0.3520692,0.3248589
1.695802,1.474423,0.5631078,0.2598224,0.4302265,0.1654711,0.6767021,0.3524672,0.3242349
1.696114,1.474209,0.5630551,0.2605738,0.4309306,0.1654204,0.6756724,0.3523972,0.3232752
1.695079,1.473211,0.5625145,0.2624015,0.4282361,0.1655502,0.6755594,0.3525065,0.3230528
1.695708,1.473237,0.5632643,0.2607087,0.4277624,0.1651442,0.6753953,0.3522924,0.3231029
1.695769,1.472764,0.5604501,0.2638988,0.4242942,0.1648314,0.6746774,0.3524035,0.3222738
1.695876,1.473135,0.5605667,0.2555366,0.428416,0.1649269,0.6739793,0.3528014,0.3211779
1.695967,1.473773,0.5725189,0.2579679,0.430684,0.1649511,0.6743132,0.3529539,0.3213592
1.697163,1.474681,0.5724036,0.2579518,0.4299264,0.1650142,0.6752499,0.3531444,0.3221054
1.694707,1.473418,0.5678493,0.2581056,0.4290434,0.1650645,0.674846,0.352971,0.321875
1.693678,1.472154,0.5656931,0.2582924,0.4272315,0.1652109,0.6741006,0.3530989,0.3210018
1.690921,1.469077,0.5682938,0.259796,0.4241754,0.1652045,0.6729709,0.3531543,0.3198166
1.690657,1.469002,0.5716361,0.2626761,0.4259217,0.1652264,0.6725615,0.3529742,0.3195873
1.694681,1.472442,0.5735682,0.2634639,0.4284078,0.1653848,0.6755931,0.3532858,0.3223073
1.694249,1.472163,0.5706055,0.2631174,0.4286715,0.1654477,0.6755514,0.3531441,0.3224072
1.694409,1.472452,0.5693637,0.2665915,0.423763,0.1655087,0.6757963,0.3529352,0.3228611
1.733401,1.472197,0.564453,0.2673061,0.421827,0.1653814,0.6754069,0.3534795,0.3219275
1.733254,1.472017,0.5716199,0.267795,0.4289236,0.165459,0.6754013,0.3539025,0.3214988
1.733548,1.471906,0.5651237,0.2684764,0.4207031,0.1655398,0.6756414,0.353298,0.3223434
1.691788,1.470581,0.5688643,0.2682144,0.4237429,0.1655772,0.6754003,0.3532704,0.3221299
1.692564,1.472715,0.5634874,0.2690718,0.4209147,0.1655436,0.6774567,0.3529857,0.324471
1.692329,1.472258,0.5659782,0.2690054,0.4232706,0.1655644,0.677198,0.3532169,0.323981
1.690322,1.470139,0.5657963,0.2697411,0.4217988,0.1657375,0.6757156,0.3536039,0.3221117
1.690495,1.470051,0.568036,0.2548593,0.4516251,0.1656824,0.6755247,0.353725,0.3217996
1.729886,1.469759,0.5629715,0.2579675,0.44155,0.165666,0.674891,0.3535635,0.3213275
1.728591,1.468746,0.5673203,0.2586166,0.4446091,0.1657031,0.6751257,0.3538195,0.3213061
1.688999,1.469534,0.5635919,0.276314,0.4182629,0.1657512,0.6755549,0.3539873,0.3215676
1.688294,1.468689,0.5636505,0.2712496,0.4233031,0.1658141,0.6748073,0.3532336,0.3215737
1.687917,1.468641,0.5608478,0.2680952,0.4233262,0.1658858,0.6748717,0.3537369,0.3211348
1.687617,1.468635,0.5594447,0.2659114,0.4268972,0.165959,0.674902,0.3537571,0.3211448
1.688359,1.469407,0.5746477,0.2678641,0.4246688,0.1660524,0.6756907,0.3536555,0.3220353
1.688175,1.468671,0.5652307,0.2681958,0.4239189,0.1660028,0.6754468,0.3533098,0.3221371
1.68884,1.469018,0.5630941,0.2673783,0.4222103,0.1658008,0.6752468,0.3531509,0.3220959
1.690528,1.470346,0.5640613,0.2652341,0.4302782,0.1661234,0.676713,0.3530703,0.3236428
1.691244,1.471957,0.5681787,0.264691,0.4346209,0.1663453,0.6776249,0.353082,0.3245429
1.692087,1.472348,0.5707509,0.2617521,0.4299314,0.1663528,0.6780634,0.3531377,0.3249257
1.693752,1.473053,0.5657117,0.2618475,0.4386842,0.1666554,0.6790012,0.3533778,0.3256233
1.693617,1.473086,0.5748324,0.2627513,0.4312765,0.1667828,0.678982,0.3538461,0.3251359
1.694205,1.473327,0.5757073,0.2630324,0.4316444,0.1669486,0.6794915,0.3545894,0.3249021
1.694227,1.472175,0.5790135,0.2584312,0.4428101,0.1670292,0.6784168,0.3545182,0.3238986
1.694444,1.471788,0.5774155,0.2593918,0.4389032,0.1669091,0.6779647,0.3542937,0.323671
1.6944,1.473157,0.5802981,0.2591526,0.4423771,0.1668237,0.6791422,0.3547116,0.3244306
1.693956,1.472946,0.5802554,0.261407,0.4425534,0.1667795,0.6791295,0.35469,0.3244395
1.69396,1.472124,0.5806189,0.264019,0.4373023,0.1664992,0.6784159,0.3549083,0.3235076
1.694464,1.472846,0.5821574,0.2648382,0.4364209,0.1662136,0.6782688,0.3546644,0.3236044
1.692807,1.472549,0.5817533,0.2715512,0.4268517,0.1662531,0.6782628,0.3542375,0.3240253
