1.451699,1.211262,0.4897273,0.2336187,0.3622485,0.1294983,0.5356488,0.2663303,0.2693184
1.45252,1.211215,0.4926095,0.2339735,0.3654223,0.1295305,0.5353897,0.2663265,0.2690632
1.454116,1.211062,0.4893141,0.2334027,0.3636965,0.1295221,0.5352411,0.2677804,0.2674607
1.456075,1.217958,0.4919448,0.233176,0.365787,0.1295426,0.5422137,0.2686397,0.273574
1.454607,1.218477,0.4898929,0.2333461,0.3637204,0.1295243,0.5426201,0.2695126,0.2731075
1.451995,1.217751,0.492563,0.2349377,0.3664213,0.129496,0.5419635,0.2697619,0.2722016
1.456816,1.213872,0.4910656,0.2344475,0.3639079,0.1295288,0.5375966,0.269553,0.2680436
1.459137,1.215024,0.4907731,0.2346984,0.3629047,0.1295497,0.5386159,0.2713548,0.2672611
1.44986,1.209573,0.4906534,0.2347581,0.3624495,0.1296501,0.5331205,0.2691895,0.263931
1.455536,1.21269,0.4886576,0.236063,0.3611345,0.1296782,0.5359132,0.2682409,0.2676723
1.455747,1.212798,0.4912845,0.2361628,0.3635284,0.1295866,0.5359334,0.2689983,0.2669351
1.457289,1.212917,0.4911836,0.2343723,0.3637684,0.1295833,0.5359045,0.2681209,0.2677837
1.447334,1.208714,0.4918723,0.2365033,0.3644798,0.1295737,0.5321767,0.2657974,0.2663792
1.449355,1.209297,0.4918909,0.2361805,0.3645801,0.1297357,0.5329726,0.2666988,0.2662738
1.450238,1.210109,0.4908563,0.2350512,0.3641467,0.1297617,0.5338459,0.2670803,0.2667655
1.446409,1.206955,0.4908924,0.2344446,0.363944,0.1297405,0.5308739,0.2619518,0.2689221
1.45168,1.209751,0.4912768,0.2346551,0.3630029,0.1297573,0.5337741,0.2647811,0.2689931
1.456252,1.211942,0.4900527,0.2344822,0.3616122,0.1297462,0.5354717,0.2653166,0.270155
1.45615,1.218143,0.4916262,0.2331716,0.3637758,0.1296521,0.5416559,0.2659243,0.2757316
1.439781,1.207385,0.4913108,0.2332692,0.3631609,0.1297805,0.5309551,0.2654125,0.2655426
1.445873,1.21239,0.4913666,0.233276,0.3634288,0.1298095,0.5351647,0.266225,0.2689397
1.447155,1.211003,0.4906394,0.2323907,0.3629356,0.1298225,0.5338101,0.2669418,0.2668684
1.448086,1.211394,0.4917219,0.232141,0.363353,0.1299442,0.5342951,0.2660771,0.268218
1.454132,1.212972,0.4916762,0.2323536,0.3628625,0.1300945,0.5359244,0.2670337,0.2688907
1.452676,1.21113,0.4907985,0.2336023,0.3606217,0.130039,0.5342522,0.2646162,0.269636
1.448569,1.207895,0.4915569,0.2343656,0.3620478,0.1300613,0.5310773,0.2644019,0.2666754
1.436202,1.201651,0.4918425,0.2360961,0.3622468,0.1299957,0.5248667,0.2662672,0.2585994
1.450564,1.210494,0.4920594,0.2355219,0.3623773,0.1300275,0.5333514,0.2663625,0.2669889
1.439681,1.204512,0.4941635,0.2342678,0.3667141,0.1300738,0.527548,0.2652572,0.2622908
1.445311,1.207615,0.4936378,0.2346287,0.3658321,0.1300988,0.5306365,0.2657195,0.264917
1.452211,1.211134,0.493455,0.2341576,0.3645785,0.1301521,0.5342838,0.2675503,0.2667334
1.449464,1.209621,0.4908752,0.2338179,0.3618639,0.1301093,0.5329941,0.2648982,0.2680959
1.411088,1.209477,0.492523,0.2352251,0.3610303,0.1301328,0.5330858,0.264055,0.2690308
1.449697,1.211402,0.4940108,0.2345963,0.3636663,0.1301928,0.5351628,0.2666274,0.2685354
1.449991,1.209825,0.4910317,0.234295,0.3605437,0.1301923,0.5337182,0.2620804,0.2716379
1.443511,1.206318,0.4933814,0.2342736,0.3628654,0.1301718,0.5302314,0.2616343,0.268597
1.444198,1.206658,0.4919447,0.2335583,0.360771,0.1301944,0.5303845,0.2643425,0.266042
1.45793,1.213287,0.4917842,0.2387348,0.3601947,0.1302151,0.5368568,0.2669544,0.2699025
1.444965,1.206856,0.4928501,0.2357078,0.362111,0.1302135,0.5299414,0.2637558,0.2661856
1.449705,1.213169,0.4928108,0.2353774,0.3627954,0.1302558,0.5361127,0.2662613,0.2698514
1.45128,1.212738,0.4924115,0.236136,0.362873,0.1302364,0.5354866,0.2690261,0.2664605
1.457602,1.215196,0.4931051,0.2384922,0.3620211,0.1302506,0.5380011,0.2673377,0.2706634
1.461303,1.214742,0.4918987,0.2383115,0.3612265,0.1302101,0.5373102,0.2677323,0.2695779
1.461099,1.212912,0.4918417,0.2365233,0.3612074,0.1302602,0.5354043,0.2680057,0.2673986
1.462992,1.2139,0.4916323,0.236732,0.3607549,0.1302747,0.5362437,0.2680706,0.2681731
1.463637,1.214398,0.4933226,0.2364877,0.3624557,0.130269,0.5369315,0.2659692,0.2709623
1.444299,1.20478,0.4896098,0.2362443,0.3584247,0.1302656,0.5272056,0.2595979,0.2676077
1.44429,1.204883,0.4916408,0.2361613,0.3602988,0.1302396,0.5272059,0.26625,0.2609559
1.450735,1.207996,0.493102,0.2352261,0.3629093,0.1302527,0.5305095,0.2666836,0.2638259
1.444782,1.204925,0.4907072,0.2348408,0.3603803,0.1302129,0.5275747,0.266991,0.2605837
1.438709,1.201455,0.4923077,0.2374512,0.3633171,0.1299911,0.5247276,0.2669381,0.2577894
1.433051,1.198618,0.4918233,0.2369401,0.3630713,0.1301645,0.5219557,0.2659198,0.2560359
1.438919,1.202183,0.4920216,0.2370462,0.3634358,0.1301078,0.5255013,0.2665357,0.2589656
1.438318,1.201096,0.4952642,0.2365947,0.3666374,0.1301188,0.5245003,0.2668463,0.257654
1.439462,1.201715,0.4931416,0.2357478,0.365087,0.1300815,0.5251041,0.2654567,0.2596474
1.454071,1.208575,0.4939453,0.2349159,0.3662684,0.1303111,0.5327686,0.2665818,0.2661868
1.457267,1.221893,0.4968233,0.2349578,0.3690195,0.1302149,0.5462581,0.2692571,0.277001
1.4564,1.220999,0.4944522,0.2372884,0.3674846,0.1301095,0.5455866,0.2690079,0.2765788
1.457764,1.216798,0.4960517,0.237097,0.3691097,0.13011,0.5413872,0.2702751,0.2711121
1.458026,1.217306,0.4962464,0.2406395,0.3684098,0.1299771,0.5417815,0.2712158,0.2705657
1.448501,1.21083,0.4938953,0.2402693,0.3659965,0.1299321,0.5359012,0.2656126,0.2702886
1.4484,1.214746,0.4950164,0.2384254,0.367612,0.1299803,0.5398012,0.2680394,0.2717618
1.453834,1.21933,0.4940844,0.2405273,0.364154,0.1300243,0.5444298,0.2698972,0.2745327
1.454625,1.213566,0.494174,0.2408558,0.3636334,0.130236,0.5381634,0.2688759,0.2692875
1.452954,1.212951,0.4947216,0.2403899,0.3642599,0.1303099,0.5374051,0.268867,0.2685381
1.446853,1.208918,0.4953747,0.2398854,0.3649896,0.1303295,0.5329547,0.2687499,0.2642048
1.448697,1.209666,0.4944145,0.2393727,0.3645664,0.1303415,0.5336888,0.2693674,0.2643214
1.448783,1.209656,0.4944238,0.2391741,0.3642897,0.1301643,0.5334988,0.2684783,0.2650205
1.45091,1.210835,0.4980126,0.2401265,0.3679543,0.1301592,0.5343896,0.2680107,0.2663788
1.451739,1.211422,0.4956912,0.2387279,0.3676919,0.1302638,0.5347404,0.2677848,0.2669555
1.452421,1.211578,0.4972304,0.2384197,0.3689655,0.1303234,0.5354891,0.269362,0.2661272
1.452616,1.212374,0.4959719,0.2384193,0.3678088,0.1302854,0.5360415,0.2685049,0.2675366
1.452664,1.212046,0.4946884,0.2382755,0.3664959,0.1302879,0.5356529,0.2675798,0.2680731
1.44327,1.206144,0.4960266,0.2377199,0.3679707,0.1302573,0.5295815,0.2655368,0.2640448
1.45028,1.209419,0.4932237,0.237816,0.3643555,0.1302741,0.5326861,0.2668875,0.2657985
1.451064,1.209435,0.4962575,0.2373777,0.3671347,0.1302658,0.5327061,0.2665116,0.2661945
1.453291,1.210568,0.4947384,0.2374975,0.36492,0.130106,0.5339379,0.2667605,0.2671774
1.441537,1.204582,0.4974517,0.2386834,0.3686834,0.1299016,0.5283083,0.2647624,0.2635458
1.440423,1.203483,0.4970997,0.2378039,0.3693404,0.1300285,0.5270749,0.2642116,0.2628634
1.445378,1.205853,0.492781,0.2376477,0.3651032,0.1301485,0.5294009,0.264039,0.265362
1.451076,1.208256,0.4948063,0.2381186,0.3668465,0.1301769,0.5317599,0.2651335,0.2666264
1.453539,1.219045,0.496103,0.2394151,0.3645223,0.1301802,0.5423967,0.2691365,0.2732601
1.453467,1.219147,0.4976051,0.2393423,0.3659394,0.1302682,0.5420862,0.2698483,0.2722379
1.454872,1.219646,0.4916686,0.2372834,0.3597589,0.1302751,0.5424861,0.270585,0.2719011
1.454409,1.216063,0.494662,0.2374924,0.3623469,0.1301604,0.5396577,0.2707111,0.2689466
1.45653,1.215555,0.4952248,0.2379879,0.3624017,0.130456,0.5391294,0.2702215,0.2689079
1.458167,1.214358,0.4949928,0.2373444,0.3627821,0.1304217,0.5382557,0.2691529,0.2691028
