1.412144,1.16381,0.4684969,0.2266486,0.3801828,0.1328437,0.5170361,0.2602294,0.2568068
1.409705,1.167368,0.4573052,0.2291866,0.3762921,0.1328817,0.520775,0.2598306,0.2609444
1.40877,1.166506,0.4553779,0.2295447,0.3715668,0.1325582,0.5203924,0.2587839,0.2616085
1.408822,1.166738,0.4608351,0.2269687,0.3693509,0.1325036,0.5206712,0.2587194,0.2619517
1.410807,1.168009,0.4618672,0.2309986,0.3692531,0.1324557,0.5215806,0.2583842,0.2631964
1.408538,1.166728,0.4574769,0.2320406,0.3667323,0.1324415,0.520705,0.257527,0.263178
1.408473,1.163111,0.4554059,0.2178413,0.3694375,0.1323204,0.5174692,0.2581472,0.259322
1.373978,1.165748,0.4443913,0.2320283,0.3529503,0.1327151,0.5192322,0.257352,0.2618802
1.40643,1.162969,0.4632612,0.2276109,0.3830279,0.1326507,0.5167891,0.2569535,0.2598356
1.410202,1.169475,0.4532757,0.2320296,0.3689162,0.1323047,0.5210313,0.2574452,0.263586
1.409082,1.168426,0.4581728,0.2248375,0.3824359,0.1325605,0.5205149,0.2570143,0.2635006
1.409613,1.169911,0.4608846,0.2305993,0.3720695,0.1321563,0.5228722,0.2578504,0.2650218
1.413,1.174571,0.463212,0.2279852,0.3720836,0.1318193,0.5252758,0.2589504,0.2663254
1.433697,1.198371,0.4661017,0.231532,0.3823997,0.131807,0.529008,0.2600118,0.2689962
1.433956,1.187918,0.4515168,0.232344,0.3647147,0.1315983,0.5195333,0.2605225,0.2590109
1.435579,1.195758,0.4561098,0.2331129,0.3657396,0.131556,0.5274647,0.2628764,0.2645883
1.43849,1.196766,0.455944,0.236459,0.3612834,0.1312151,0.5265296,0.2623053,0.2642243
1.439792,1.199161,0.4541634,0.2271482,0.3620027,0.1309387,0.5280565,0.2639914,0.2640651
1.445617,1.204853,0.4551021,0.232153,0.3609405,0.1308296,0.5292471,0.2650877,0.2641594
1.449,1.208799,0.4685742,0.2367397,0.3682348,0.1306446,0.5312589,0.2683596,0.2628992
1.453787,1.215342,0.4617138,0.2389334,0.3603843,0.130953,0.5350658,0.2699503,0.2651155
1.457052,1.218682,0.4559087,0.2400779,0.3535626,0.1308244,0.5355917,0.2704816,0.26511
1.460362,1.220591,0.475096,0.2395919,0.3727263,0.1309923,0.5367627,0.2713337,0.265429
1.460199,1.221405,0.4760868,0.2379232,0.3726496,0.1308887,0.5375505,0.2721509,0.2653996
1.460321,1.221602,0.4733624,0.2351977,0.3717384,0.1306869,0.537734,0.2713115,0.2664225
1.459787,1.219991,0.4777792,0.237043,0.3749347,0.130359,0.5382826,0.2724386,0.265844
1.459732,1.221837,0.4786222,0.2385138,0.374493,0.1305821,0.5390127,0.2725698,0.2664428
1.459964,1.223464,0.4618222,0.239841,0.3523285,0.1306489,0.5405228,0.273324,0.2671988
1.459617,1.222372,0.4621006,0.2384736,0.3509301,0.1304923,0.5401616,0.2736633,0.2664983
1.459306,1.220506,0.4635748,0.2403483,0.3500949,0.1302824,0.5379261,0.2743696,0.2635565
1.459517,1.220785,0.4712602,0.2402917,0.3575104,0.1303182,0.5381148,0.2748108,0.263304
1.461218,1.222236,0.4613423,0.2402868,0.3469628,0.130456,0.5388718,0.2750555,0.2638163
1.461175,1.222119,0.4606703,0.2393026,0.3452545,0.1304478,0.5392132,0.2750425,0.2641707
1.461836,1.222944,0.4600653,0.2381232,0.3433683,0.1303838,0.5390621,0.2747199,0.2643422
1.460752,1.223985,0.4569315,0.2379562,0.3418089,0.1304135,0.5399706,0.2751306,0.26484
1.461095,1.22486,0.4622275,0.237521,0.3460524,0.1304515,0.5404006,0.2753093,0.2650912
1.461728,1.225913,0.465169,0.2395274,0.3491926,0.1303121,0.5417154,0.2755473,0.266168
1.461593,1.227096,0.4650543,0.2416558,0.3459457,0.1302746,0.5431674,0.2759381,0.2672293
1.462411,1.227761,0.4696815,0.2395162,0.3544842,0.1302318,0.5432245,0.2758808,0.2673437
1.463814,1.227843,0.4596047,0.2378315,0.3453711,0.1302616,0.5420942,0.276402,0.2656922
1.46349,1.22576,0.4576445,0.2383767,0.3441991,0.1303411,0.5401667,0.2763456,0.263821
1.463705,1.225889,0.4589908,0.2416471,0.3430634,0.1304363,0.5405854,0.2760897,0.2644958
1.46343,1.227196,0.4673699,0.2426606,0.3513667,0.1303476,0.5412982,0.2763301,0.2649681
1.462709,1.227331,0.4696102,0.2416693,0.3525287,0.130395,0.541679,0.2769211,0.2647579
1.461759,1.224918,0.4638213,0.2406617,0.3473167,0.1304125,0.5402431,0.2768276,0.2634155
1.46428,1.225082,0.461902,0.2405222,0.3469657,0.1303294,0.5397351,0.2765143,0.2632208
1.463014,1.22481,0.4580131,0.2397497,0.3418186,0.1302041,0.5391011,0.276305,0.2627961
1.463625,1.22466,0.4685259,0.2396725,0.3538354,0.1302556,0.5391817,0.2761319,0.2630498
1.464279,1.22596,0.469119,0.2388178,0.3575512,0.1302242,0.5404468,0.2762872,0.2641596
1.465515,1.223549,0.4737647,0.2372671,0.360534,0.130279,0.5375617,0.2719715,0.2655902
1.463868,1.225328,0.4830554,0.2361178,0.3638003,0.1303208,0.5396041,0.2731649,0.2664392
1.464059,1.225355,0.4821822,0.2379113,0.3608438,0.130418,0.5398586,0.273235,0.2666236
1.463881,1.22421,0.4732585,0.2373878,0.3612285,0.1304162,0.5388467,0.2732874,0.2655593
1.463045,1.223777,0.4697703,0.2294909,0.362967,0.1303785,0.5383242,0.2748411,0.2634831
1.462932,1.223904,0.476179,0.2312582,0.3692104,0.1304266,0.5382469,0.2747855,0.2634614
1.46087,1.222973,0.4739692,0.2318546,0.3656393,0.1303643,0.5374557,0.2737314,0.2637243
1.461749,1.223608,0.470954,0.2312326,0.359396,0.1304534,0.5374733,0.2742982,0.263175
1.462861,1.223832,0.4719522,0.2348554,0.354945,0.130389,0.5376961,0.2742964,0.2633996
1.463532,1.226581,0.4748103,0.2310232,0.3654888,0.1304131,0.540286,0.2757407,0.2645453
1.463746,1.227774,0.4765658,0.2323708,0.3656932,0.1303484,0.5416512,0.2758625,0.2657887
1.463563,1.227709,0.4768898,0.2316092,0.3658389,0.1305468,0.5416951,0.2753684,0.2663266
1.46194,1.22663,0.4752101,0.2321473,0.3637339,0.1304769,0.540793,0.2751739,0.2656191
1.46247,1.225332,0.4769346,0.2374248,0.3650436,0.1307079,0.5391043,0.2751332,0.2639711
1.462247,1.226988,0.4761554,0.2371045,0.3636459,0.1305902,0.5410742,0.2750219,0.2660523
1.461429,1.227067,0.4819539,0.2340429,0.3630019,0.1305539,0.5411665,0.2746886,0.266478
1.460298,1.225345,0.4786113,0.2363878,0.3623829,0.1307004,0.5393055,0.2746219,0.2646836
1.460199,1.224345,0.4777742,0.2365177,0.3603294,0.1307013,0.5389336,0.2743843,0.2645493
1.461345,1.225132,0.4787652,0.2370696,0.3648357,0.1307314,0.5394186,0.2742865,0.2651321
1.464873,1.226988,0.4808829,0.2392013,0.3648308,0.1306582,0.5406286,0.2740225,0.2666062
1.465395,1.227338,0.4742783,0.239362,0.3569705,0.1305896,0.5407167,0.2740397,0.266677
1.464972,1.22809,0.4785539,0.2404329,0.3585829,0.1306524,0.5414098,0.2738473,0.2675625
1.467832,1.230033,0.4806197,0.2377715,0.3615454,0.1305728,0.5424917,0.2745255,0.2679662
1.467522,1.229876,0.4758184,0.2367336,0.3567575,0.1305531,0.5420488,0.2734023,0.2686464
1.464489,1.227569,0.478609,0.2364041,0.3595799,0.1301437,0.5393339,0.2733065,0.2660274
1.464562,1.228101,0.4779149,0.2410893,0.3517326,0.1301426,0.5395486,0.2721045,0.267444
1.464769,1.228629,0.4748699,0.23933,0.3509459,0.130246,0.5400102,0.2722142,0.2677959
1.463239,1.22896,0.4777187,0.2397941,0.3533565,0.129959,0.5406061,0.2725283,0.2680777
1.462844,1.226436,0.4756494,0.2381088,0.3522901,0.1298774,0.5380014,0.2718811,0.2661203
1.465861,1.227621,0.4759206,0.2378947,0.3527646,0.129933,0.5391633,0.2718193,0.2673441
1.469478,1.229102,0.4775935,0.2408124,0.3545916,0.1301169,0.5406305,0.2720875,0.268543
1.469409,1.228915,0.4795217,0.240015,0.3568046,0.1300168,0.5406449,0.2709554,0.2696895
1.468846,1.231298,0.478936,0.2394294,0.3563518,0.1300476,0.5429586,0.2713033,0.2716553
