1.776416,1.515695,0.5832326,0.2614639,0.4300008,0.1498771,0.7488498,0.3858046,0.3630452
1.776496,1.515592,0.5806383,0.2604921,0.4279083,0.1500705,0.7486272,0.3853079,0.3633194
1.77707,1.51584,0.582966,0.2602826,0.4300184,0.1502663,0.7488462,0.3854246,0.3634216
1.775729,1.516912,0.5840102,0.2606601,0.4301453,0.1504226,0.7506676,0.385228,0.3654396
1.776302,1.516496,0.5839395,0.2605428,0.4276007,0.1503819,0.7493246,0.3851358,0.3641888
1.776193,1.516186,0.5846272,0.2604697,0.429161,0.1503706,0.7489025,0.3852586,0.3636439
1.776262,1.516217,0.5777749,0.2604704,0.4299919,0.1503094,0.748928,0.3851706,0.3637574
1.776721,1.516526,0.5838056,0.2601629,0.4280357,0.1501635,0.7489233,0.385403,0.3635203
1.777631,1.516953,0.5795575,0.2610825,0.4234828,0.1502191,0.7493913,0.3844849,0.3649064
1.778007,1.516869,0.5895371,0.2605914,0.4339351,0.1502256,0.7488831,0.3845323,0.3643509
1.777928,1.517141,0.5826527,0.2601268,0.4275412,0.1504261,0.7487331,0.3840581,0.364675
1.777891,1.516981,0.5769126,0.2602336,0.4290964,0.1505182,0.7484535,0.3841262,0.3643273
1.777924,1.517104,0.5757249,0.2610033,0.4262706,0.1507098,0.7482938,0.3843535,0.3639403
1.778059,1.516608,0.5802909,0.2618449,0.4294585,0.1505796,0.7482481,0.3846016,0.3636465
1.777996,1.517007,0.5776102,0.2615534,0.4267705,0.1507507,0.7484961,0.3839116,0.3645845
1.778879,1.517991,0.5801719,0.2605981,0.430723,0.1508385,0.7488443,0.3840473,0.364797
1.779217,1.51886,0.5798464,0.2599016,0.4302386,0.1509878,0.7493547,0.3843577,0.364997
1.779394,1.518574,0.5786021,0.259737,0.4289588,0.1509602,0.7490696,0.3844019,0.3646678
1.778989,1.517879,0.5780379,0.2597223,0.4278924,0.1510372,0.7488545,0.3840531,0.3648013
1.778905,1.517836,0.578483,0.2619039,0.4287516,0.1511756,0.748789,0.3841032,0.3646857
1.778576,1.51675,0.5804989,0.2615639,0.4308639,0.1514363,0.7480049,0.3840255,0.3639794
1.778286,1.516767,0.5758995,0.2612141,0.4300191,0.151606,0.7478178,0.3841879,0.3636298
1.778311,1.516512,0.5796493,0.2612782,0.4317441,0.1514948,0.7473543,0.3840961,0.3632583
1.777628,1.515973,0.587103,0.2608907,0.4367544,0.1514479,0.7470474,0.384422,0.3626255
1.777795,1.516138,0.5769827,0.2612954,0.4258148,0.1514615,0.7474731,0.384681,0.3627922
1.778805,1.516688,0.5821708,0.2609037,0.4304621,0.1517469,0.7468579,0.3846739,0.362184
1.778664,1.516306,0.582127,0.2593264,0.4320659,0.1518291,0.7461993,0.3847916,0.3614076
1.77921,1.516755,0.5816122,0.264575,0.4313563,0.1518353,0.7460533,0.3841143,0.361939
1.779157,1.51722,0.5841985,0.2639253,0.4336462,0.1520033,0.7464235,0.3835826,0.362841
1.778743,1.516512,0.5811127,0.2632173,0.430429,0.1519988,0.7459901,0.3837909,0.3621992
1.778589,1.516315,0.5794638,0.2631103,0.4289609,0.1517374,0.7459745,0.3833868,0.3625877
1.779006,1.516432,0.585999,0.2628606,0.4350057,0.1515956,0.7460559,0.3838146,0.3622413
1.778345,1.515844,0.5807599,0.2632387,0.4307869,0.1518853,0.7462164,0.3835682,0.3626483
1.77758,1.515336,0.602749,0.262756,0.4511804,0.1517778,0.7454184,0.3830251,0.3623933
1.777421,1.514989,0.5758733,0.2625521,0.4245241,0.1517583,0.7452866,0.3831224,0.3621641
1.777468,1.515527,0.5807933,0.2612348,0.4302327,0.151464,0.7455105,0.3830266,0.362484
1.778277,1.51664,0.5844292,0.2608426,0.4338781,0.1516544,0.7459607,0.3837351,0.3622256
1.777714,1.516008,0.5844255,0.2657957,0.4351526,0.1517023,0.7457241,0.3839896,0.3617345
1.778037,1.517845,0.5831068,0.2675265,0.4341535,0.1516167,0.7473602,0.3836511,0.363709
1.777608,1.517405,0.5828835,0.2647146,0.4332871,0.1514274,0.7473036,0.3841262,0.3631774
1.777805,1.517353,0.5803435,0.2656504,0.4308023,0.1517688,0.7472707,0.3835664,0.3637043
1.777605,1.516989,0.5830091,0.262211,0.4330936,0.1517388,0.746951,0.3825323,0.3644187
1.776941,1.515635,0.5815357,0.2631554,0.4306794,0.1517962,0.7460696,0.3824439,0.3636256
1.777249,1.515408,0.5848282,0.2612532,0.4343074,0.1518911,0.7456813,0.3821695,0.3635118
1.777522,1.515365,0.5863419,0.2634323,0.4359414,0.1522179,0.7455882,0.3822463,0.3633419
1.777956,1.515901,0.5761368,0.2620203,0.4329247,0.1521538,0.7458824,0.3828228,0.3630596
1.778498,1.516795,0.5761172,0.2610716,0.4331852,0.1521393,0.7459888,0.3824304,0.3635584
1.778152,1.51627,0.5750564,0.2591278,0.4282991,0.1518891,0.7455798,0.3827649,0.362815
1.779494,1.517417,0.5778103,0.2593926,0.4303031,0.1519426,0.7458341,0.3827143,0.3631198
1.779752,1.5181,0.5795596,0.2546899,0.4393737,0.1519653,0.7461292,0.3824674,0.3636618
1.778903,1.517375,0.5781741,0.2539835,0.4365527,0.151777,0.745984,0.3823837,0.3636003
1.779375,1.517778,0.5737995,0.2540771,0.4336429,0.1516738,0.7459479,0.3825081,0.3634399
1.779285,1.517385,0.5797557,0.2545648,0.4375623,0.1515755,0.745689,0.3825794,0.3631095
1.779178,1.517367,0.577751,0.2551141,0.4350401,0.1516097,0.7459463,0.3828952,0.3630511
1.779556,1.517736,0.5874016,0.2551181,0.4403627,0.1515304,0.7462162,0.3828937,0.3633226
1.779972,1.518054,0.5843713,0.2551389,0.4372629,0.151861,0.7463772,0.3825104,0.3638669
1.780867,1.518562,0.5851215,0.2557082,0.4367505,0.1519486,0.7468083,0.3826266,0.3641817
1.780373,1.517782,0.5885835,0.2569457,0.4389928,0.1518854,0.7462962,0.3831907,0.3631054
1.780325,1.517813,0.5845506,0.2572593,0.4352403,0.1519573,0.7463368,0.3834439,0.362893
1.780441,1.517889,0.5834481,0.2582535,0.4336292,0.1521836,0.7461364,0.3833317,0.3628047
1.77978,1.517048,0.5872466,0.2576763,0.437939,0.1521222,0.7451406,0.3828716,0.362269
1.779427,1.516867,0.5839487,0.2570247,0.4346302,0.1517788,0.7451627,0.3836894,0.3614733
1.77887,1.515925,0.5846447,0.2576196,0.4338718,0.1517127,0.744903,0.3835039,0.361399
1.78013,1.51727,0.5844907,0.2578439,0.4333921,0.1517242,0.7451428,0.3834769,0.3616658
1.779812,1.517065,0.5885276,0.258729,0.4365944,0.1520288,0.7454433,0.3837746,0.3616688
1.779384,1.516921,0.5850309,0.2636127,0.432753,0.1520297,0.7451044,0.3837929,0.3613114
1.779827,1.517305,0.5762939,0.2619813,0.4303266,0.1520821,0.7450007,0.382901,0.3620997
1.779636,1.517034,0.5794303,0.2612806,0.4311942,0.1520892,0.7449223,0.3832028,0.3617195
1.779679,1.517517,0.5779011,0.2594585,0.4293226,0.1519258,0.7454396,0.3831128,0.3623267
1.778382,1.515715,0.5808691,0.2599198,0.4315965,0.1519158,0.7453186,0.3831437,0.3621749
1.777892,1.515288,0.5873375,0.2596594,0.4359698,0.1520956,0.7455395,0.3831604,0.362379
1.778283,1.515653,0.5861632,0.2595758,0.4353296,0.1520773,0.7454442,0.3832684,0.3621759
1.778572,1.515594,0.5873768,0.2590222,0.4370508,0.1520581,0.7454632,0.3837059,0.3617573
1.778943,1.515649,0.5881355,0.2586004,0.4380765,0.1522035,0.7454507,0.3835961,0.3618547
1.778183,1.514904,0.5870305,0.2586211,0.4369645,0.1521867,0.7451352,0.3834711,0.3616641
1.779825,1.516566,0.5836129,0.2581438,0.43424,0.1521005,0.7451903,0.3835908,0.3615995
1.779979,1.51671,0.5842435,0.2645666,0.4346666,0.1521261,0.7451439,0.3837076,0.3614364
1.779904,1.516551,0.5840449,0.263794,0.4343389,0.1520202,0.7455198,0.3835323,0.3619875
1.779461,1.516272,0.5828922,0.2622342,0.4336409,0.1519487,0.7452657,0.3835828,0.3616828
1.779492,1.516321,0.5861643,0.2611202,0.4359509,0.1518591,0.7453588,0.3837264,0.3616323
1.779027,1.516024,0.5841641,0.2610978,0.4340099,0.1518281,0.7451565,0.3840339,0.3611226
1.779189,1.516138,0.5861176,0.2643985,0.4354426,0.1517814,0.7449335,0.3839607,0.3609728
1.779694,1.516289,0.5826026,0.2623886,0.4323236,0.1517283,0.7453444,0.3845837,0.3607607
1.780406,1.51687,0.5845609,0.2614716,0.4340426,0.1519578,0.7457362,0.3846644,0.3610718
1.779488,1.51625,0.5861098,0.2611827,0.4355059,0.151968,0.745706,0.3835521,0.3621538
1.779509,1.516504,0.5769374,0.2595405,0.4347764,0.1517843,0.7458702,0.3833683,0.362502
1.779508,1.516412,0.5824158,0.2595749,0.4379848,0.1515333,0.7460037,0.3834049,0.3625988
1.779492,1.51705,0.5841776,0.2597055,0.4415561,0.1514548,0.7466187,0.3834613,0.3631575
1.77958,1.517006,0.5793478,0.2598205,0.4374303,0.1513648,0.7465675,0.3833968,0.3631707
1.780839,1.518645,0.5813611,0.2595091,0.4352458,0.1513251,0.7469349,0.3833839,0.3635509
