1.440932,1.228889,0.50016,0.2515298,0.3724019,0.1304006,0.516403,0.267146,0.249257
1.439192,1.22821,0.5052985,0.2487456,0.3820616,0.1301693,0.5165758,0.267813,0.2487627
1.438604,1.227789,0.5033556,0.2512988,0.3751425,0.129944,0.5165167,0.2677843,0.2487324
1.43604,1.226536,0.5052518,0.2508156,0.377812,0.1298238,0.5153702,0.2684786,0.2468917
1.434328,1.225382,0.5021362,0.2486111,0.3779017,0.130052,0.5146638,0.2681853,0.2464784
1.434689,1.225957,0.5048286,0.2491419,0.380366,0.1300709,0.5149024,0.2681687,0.2467337
1.434662,1.225971,0.5001685,0.2491034,0.3755257,0.1297268,0.5146605,0.2673003,0.2473602
1.432635,1.224872,0.5003198,0.2484512,0.3765635,0.1299372,0.5133744,0.2673744,0.246
1.434968,1.225731,0.5006959,0.2485938,0.3759752,0.1300362,0.5148567,0.2674459,0.2474108
1.433958,1.225592,0.498644,0.2481281,0.3736669,0.1305342,0.5145643,0.2675319,0.2470324
1.433492,1.225168,0.5000401,0.2480302,0.3749032,0.130591,0.5146388,0.2683347,0.2463041
1.433329,1.225349,0.5003187,0.2483958,0.3748781,0.1303575,0.5147684,0.2688673,0.2459011
1.433611,1.225578,0.5038244,0.2496674,0.37833,0.130429,0.5147514,0.2688077,0.2459437
1.433956,1.226005,0.5027447,0.2483786,0.3804039,0.1304197,0.5151203,0.2690735,0.2460467
1.434488,1.226435,0.505721,0.248277,0.3831744,0.130316,0.5154249,0.2695918,0.2458332
1.434272,1.226436,0.5088528,0.2483346,0.3868271,0.1305023,0.5156851,0.2698141,0.2458711
1.4334,1.226057,0.5039948,0.2470322,0.3846228,0.1304239,0.515351,0.2697022,0.2456488
1.434343,1.226956,0.5054945,0.2472931,0.3858598,0.1304185,0.5153342,0.2687391,0.2465951
1.434489,1.22708,0.5050091,0.2471232,0.3857328,0.1304638,0.5154763,0.2689354,0.2465409
1.434995,1.227489,0.504993,0.2471329,0.3859827,0.1303312,0.5153783,0.2676271,0.2477512
1.433826,1.226567,0.5006729,0.2461048,0.3831678,0.1301529,0.5143715,0.2677203,0.2466512
1.435124,1.226898,0.5034958,0.2480817,0.3854962,0.1300024,0.5148743,0.2671029,0.2477714
1.435232,1.22699,0.5031262,0.2467836,0.3865758,0.1299484,0.5152199,0.2664906,0.2487293
1.434289,1.22697,0.5027965,0.2482612,0.3853535,0.1298774,0.5154033,0.2662372,0.2491661
1.435331,1.227607,0.5023594,0.2487531,0.3844131,0.1300641,0.5165798,0.2666037,0.2499761
1.435643,1.227787,0.5072453,0.2485247,0.3890122,0.1299538,0.5167203,0.2674727,0.2492477
1.438551,1.230311,0.5078946,0.2487522,0.3895323,0.1301264,0.5185458,0.2679882,0.2505576
1.439376,1.230672,0.5071526,0.2485535,0.3892174,0.1300543,0.5191131,0.2681669,0.2509462
1.43875,1.230397,0.5036375,0.2477797,0.3859727,0.1299391,0.5187716,0.2682924,0.2504792
1.436782,1.229005,0.5080707,0.2470327,0.3907133,0.1298284,0.5180979,0.2683668,0.2497311
1.437326,1.228914,0.5112664,0.2478273,0.3940615,0.1299778,0.5181868,0.2687186,0.2494682
1.437379,1.229005,0.5078955,0.2476011,0.3908357,0.1303004,0.518294,0.2687839,0.2495101
1.436016,1.228142,0.5093305,0.2473231,0.3928886,0.1304887,0.5171968,0.2685843,0.2486125
1.436504,1.228388,0.5100783,0.2473404,0.3932004,0.1305029,0.5171145,0.2680842,0.2490303
1.436314,1.227612,0.509263,0.2476832,0.3914877,0.130617,0.5161636,0.2681467,0.2480169
1.436291,1.22745,0.5065046,0.2476308,0.3890302,0.1305449,0.516022,0.2672382,0.2487839
1.436045,1.227009,0.5071949,0.2488646,0.3893131,0.1302577,0.5164245,0.267948,0.2484766
1.431623,1.224812,0.5057999,0.2479012,0.388266,0.1302751,0.5139323,0.267729,0.2462033
1.431334,1.22489,0.5033952,0.248798,0.3852022,0.1302688,0.5142103,0.2681048,0.2461055
1.429169,1.223994,0.5076649,0.2480507,0.3898828,0.1303778,0.5129706,0.2679068,0.2450637
1.432993,1.225752,0.5039688,0.2477625,0.386176,0.1301683,0.5144213,0.2677947,0.2466266
1.435685,1.227402,0.505378,0.2469163,0.3883519,0.1301648,0.515879,0.2674848,0.2483943
1.437686,1.228489,0.5051329,0.2469143,0.387949,0.1301305,0.5168564,0.2673348,0.2495217
1.437458,1.227651,0.5059211,0.2469178,0.3887525,0.1300239,0.5163504,0.2669498,0.2494006
1.437385,1.228114,0.5045543,0.2467027,0.3879479,0.1301113,0.5166076,0.2665714,0.2500362
1.43977,1.229685,0.5039747,0.2459017,0.3882661,0.1307045,0.5191034,0.266994,0.2521094
1.438,1.228194,0.5030751,0.2463006,0.3869925,0.1307123,0.5177178,0.2674765,0.2502413
1.437816,1.228116,0.5051104,0.2462946,0.3887306,0.1306692,0.517724,0.2681159,0.2496081
1.438254,1.228887,0.5032734,0.2478509,0.384699,0.1305265,0.5180388,0.2678541,0.2501847
1.435281,1.227417,0.5066383,0.2486839,0.3880404,0.1306833,0.5166225,0.268579,0.2480436
1.435382,1.226928,0.5052484,0.2478119,0.3874264,0.1306189,0.5169328,0.2686568,0.248276
1.435405,1.226913,0.502986,0.2472319,0.3856086,0.1304332,0.5169758,0.2687973,0.2481784
1.444681,1.231786,0.5035347,0.2449472,0.3884015,0.1304155,0.5214686,0.2686033,0.2528653
1.444801,1.232424,0.5026407,0.2457239,0.3868599,0.1302481,0.5220556,0.2689694,0.2530862
1.442791,1.231312,0.504918,0.2476374,0.3858301,0.1306476,0.5210101,0.2695037,0.2515063
1.441539,1.2302,0.5006182,0.2463326,0.3833135,0.1306365,0.5196342,0.2692129,0.2504214
1.440321,1.22885,0.5038284,0.2469535,0.386012,0.1304743,0.5186992,0.2677773,0.2509219
1.440138,1.2286,0.5005921,0.247932,0.3821402,0.1302254,0.5183284,0.2676683,0.2506601
1.439136,1.227843,0.504197,0.2483498,0.3856016,0.1304335,0.5176917,0.2676909,0.2500008
1.438501,1.22753,0.5016335,0.2484336,0.38204,0.1302125,0.5171431,0.267729,0.2494141
1.438586,1.226989,0.5023305,0.2489821,0.3825881,0.1303039,0.5168264,0.2675671,0.2492593
1.43701,1.226586,0.5031221,0.2483939,0.3835708,0.1306771,0.5163451,0.2676522,0.248693
1.437172,1.226468,0.5020314,0.248654,0.3817557,0.1306972,0.5160878,0.2675417,0.2485461
1.43683,1.226363,0.5036722,0.2478623,0.3850984,0.1307916,0.5159593,0.2676685,0.2482908
1.436646,1.226225,0.5070276,0.2469084,0.3894061,0.1306989,0.5159777,0.2679552,0.2480225
1.436134,1.226262,0.5029817,0.2476856,0.3847608,0.1308312,0.516426,0.2672381,0.2491878
1.435515,1.225786,0.5037858,0.2494179,0.3846894,0.130808,0.516174,0.2675618,0.2486122
1.432563,1.224424,0.5001693,0.248704,0.381707,0.1307856,0.5146633,0.2676589,0.2470043
1.436931,1.226532,0.5016443,0.2469602,0.3846211,0.1307727,0.5168442,0.2674858,0.2493584
1.436426,1.226374,0.5016472,0.244946,0.3861484,0.1307425,0.516619,0.2678421,0.2487768
1.4358,1.22664,0.5051674,0.2474408,0.3883403,0.1307391,0.5171459,0.2678087,0.2493371
1.436086,1.225878,0.5037903,0.247583,0.3870608,0.1302181,0.5168779,0.2680503,0.2488276
1.436188,1.225887,0.4990421,0.2469782,0.3829142,0.1301323,0.5168648,0.2680228,0.248842
1.435331,1.225286,0.501469,0.2456632,0.3858612,0.1303875,0.5157182,0.268073,0.2476452
1.435146,1.225048,0.501462,0.2465828,0.384981,0.1303811,0.5154842,0.2681767,0.2473075
1.435324,1.225252,0.5127106,0.246128,0.3965605,0.1303383,0.5158371,0.2681556,0.2476814
1.435586,1.225969,0.5111188,0.2457148,0.3956147,0.1303152,0.5167171,0.2682544,0.2484627
1.434259,1.225346,0.5103294,0.2463862,0.394242,0.1302197,0.515848,0.2680669,0.2477811
1.434529,1.225329,0.5025203,0.2463259,0.3870533,0.1302193,0.5160115,0.2682691,0.2477424
1.435542,1.225973,0.5024139,0.2458961,0.3873442,0.1303056,0.5165044,0.2684126,0.2480918
1.43568,1.225833,0.5045613,0.246065,0.3892567,0.1302951,0.5162588,0.2684671,0.2477917
1.435709,1.225909,0.5124991,0.2462182,0.3972113,0.1302697,0.5160244,0.2684329,0.2475914
1.43414,1.224992,0.5093057,0.2450884,0.3942932,0.1302646,0.5150709,0.2681209,0.24695
1.433473,1.224307,0.5057218,0.2457089,0.3902507,0.1303078,0.5145618,0.2679018,0.24666
1.433404,1.224362,0.5014558,0.2458089,0.3855401,0.130338,0.5142885,0.2679724,0.2463162
1.432384,1.223884,0.5028468,0.2464176,0.3858651,0.1302999,0.5138991,0.2681824,0.2457167
1.431947,1.223194,0.5051386,0.2466764,0.3874973,0.1302917,0.5134072,0.2683645,0.2450428
