1.58815,1.359975,0.5449451,0.2582812,0.4139093,0.1374539,0.6252736,0.3020532,0.3232203
1.586685,1.35759,0.5457415,0.2577511,0.4121128,0.138178,0.6227251,0.3007171,0.322008
1.603826,1.367421,0.5413415,0.2577858,0.4051349,0.138013,0.6324899,0.3002698,0.3322201
1.601881,1.364608,0.5410706,0.2624674,0.4012684,0.138573,0.6297104,0.2997531,0.3299572
1.591527,1.358683,0.5415008,0.2614931,0.3987788,0.1385785,0.6234584,0.2997761,0.3236824
1.58906,1.357217,0.5411736,0.2602006,0.3978864,0.1389068,0.622451,0.298404,0.3240469
1.588773,1.355818,0.539768,0.258761,0.396358,0.1390921,0.6213055,0.2996246,0.3216809
1.588412,1.356064,0.5310633,0.2585595,0.3857049,0.1397839,0.6222519,0.2993176,0.3229343
1.589964,1.355492,0.5340454,0.2570622,0.3899971,0.1397713,0.6217556,0.2988023,0.3229533
1.562816,1.342246,0.5356865,0.2579412,0.3924668,0.1394371,0.6093122,0.2987268,0.3105853
1.570436,1.345914,0.5354402,0.2589219,0.3917467,0.1391233,0.6132331,0.2996281,0.313605
1.578463,1.343896,0.5356202,0.2588801,0.3916585,0.1390694,0.6113898,0.2989625,0.3124273
1.582129,1.346031,0.5377403,0.2599852,0.3932243,0.1390879,0.6140971,0.3004802,0.3136168
1.581639,1.346197,0.5358871,0.2603834,0.3917331,0.1386757,0.613763,0.3006803,0.3130827
1.581322,1.346465,0.5394134,0.2611504,0.3955788,0.1382249,0.6139026,0.3007522,0.3131504
1.58386,1.347554,0.5300832,0.2604274,0.3878127,0.1380697,0.6149251,0.3009375,0.3139876
1.582488,1.348505,0.5345235,0.2604066,0.3949205,0.137744,0.6161805,0.3011671,0.3150133
1.591216,1.352732,0.5311092,0.2596666,0.3946059,0.1378445,0.6205087,0.3019891,0.3185196
1.589351,1.349806,0.5350224,0.2553877,0.4018378,0.1375587,0.6172468,0.3013812,0.3158655
1.589181,1.350526,0.5386138,0.253898,0.4076818,0.1375063,0.618223,0.2967229,0.3215
1.589395,1.351583,0.5406678,0.2543136,0.4134877,0.1374048,0.6193202,0.2987406,0.3205796
1.588833,1.351309,0.541961,0.2546609,0.416197,0.1375919,0.6190575,0.2992718,0.3197857
1.57205,1.343029,0.5434173,0.25261,0.420693,0.1374945,0.6106361,0.2998669,0.3107692
1.575915,1.345797,0.5380812,0.2530826,0.4154125,0.1374246,0.6130842,0.3029642,0.31012
1.576892,1.345924,0.537284,0.2525139,0.4159035,0.1380873,0.6132577,0.3027956,0.3104621
1.58542,1.350596,0.5419145,0.25232,0.4209641,0.13801,0.617537,0.3040553,0.3134817
1.585721,1.356752,0.5392227,0.2526406,0.4176414,0.1379919,0.6236579,0.3044502,0.3192076
1.585191,1.354102,0.5398824,0.2534448,0.4168389,0.1379766,0.6210394,0.3028279,0.3182115
1.585449,1.353512,0.544519,0.2525548,0.4196315,0.137816,0.6201745,0.3048398,0.3153346
1.596797,1.358749,0.5429875,0.2531925,0.4149035,0.1375062,0.6252408,0.3052235,0.3200172
1.595543,1.357962,0.5444685,0.2551225,0.4094617,0.137387,0.6240096,0.3056996,0.3183101
1.595493,1.357805,0.5437487,0.2544149,0.4078507,0.1374162,0.6237901,0.3035878,0.3202023
1.593902,1.347468,0.5391876,0.2552128,0.4021345,0.1375573,0.6134666,0.3016602,0.3118065
1.593722,1.347726,0.5386931,0.2560499,0.4003322,0.1375642,0.6135429,0.3007299,0.312813
1.596404,1.354069,0.5402094,0.2601193,0.3998554,0.1374906,0.619707,0.3014618,0.3182452
1.597037,1.36005,0.5391713,0.2591109,0.3980263,0.1379575,0.6258577,0.3014949,0.3243628
1.599528,1.36072,0.5415976,0.2606007,0.3995338,0.1383631,0.6261684,0.3011877,0.3249807
1.59638,1.357387,0.5363015,0.2577381,0.3953767,0.1381541,0.622781,0.3006302,0.3221509
1.597027,1.357435,0.5373623,0.2561611,0.3984287,0.1379467,0.6224404,0.2999847,0.3224556
1.597493,1.360314,0.5401127,0.2566871,0.4007237,0.1379667,0.6252692,0.3014104,0.3238588
1.609505,1.36778,0.5395901,0.2582924,0.3989046,0.1381991,0.6327223,0.3018542,0.3308681
1.603219,1.363935,0.5379699,0.2584454,0.3978216,0.1381704,0.6294065,0.3020791,0.3273274
1.606202,1.360909,0.5385386,0.2589039,0.397177,0.1379857,0.6262841,0.301073,0.3252111
1.605629,1.360831,0.5375499,0.2585497,0.3977709,0.1381381,0.6258137,0.3001378,0.325676
1.606066,1.371173,0.5420895,0.2581777,0.4034819,0.1379221,0.635888,0.300427,0.335461
1.605894,1.3669,0.5396645,0.2565442,0.4014491,0.1378933,0.6315706,0.3007447,0.3308259
1.599179,1.363633,0.5396962,0.2549467,0.4026149,0.1379271,0.627824,0.3000023,0.3278218
1.599267,1.363865,0.5395098,0.2543518,0.4041329,0.137947,0.6276309,0.299708,0.3279229
1.597184,1.363403,0.5420474,0.2503942,0.4145826,0.1379187,0.6265961,0.2995148,0.3270813
1.596098,1.363404,0.5424774,0.2523363,0.41394,0.1381226,0.6265779,0.3006928,0.3258851
1.594265,1.359188,0.5415441,0.2507345,0.4137724,0.1384076,0.6227608,0.3012208,0.32154
1.594266,1.355857,0.5434555,0.2524079,0.4133577,0.1388929,0.6207852,0.2993774,0.3214078
1.59532,1.356694,0.5398262,0.2525971,0.4088452,0.1389212,0.6216358,0.3020111,0.3196247
1.595612,1.356852,0.5407965,0.2525242,0.4094441,0.1389254,0.6217576,0.2990058,0.3227518
1.592016,1.354559,0.5393917,0.2525603,0.4068787,0.1388545,0.6195452,0.2990856,0.3204596
1.600301,1.357679,0.5395791,0.2544103,0.4055848,0.1396382,0.6229336,0.2995239,0.3234098
1.599859,1.357218,0.5395681,0.2560306,0.4055252,0.1393381,0.6220252,0.3020694,0.3199559
1.604096,1.358844,0.5379384,0.2561164,0.4025604,0.1392975,0.6236106,0.3001267,0.3234839
1.603039,1.358559,0.5379452,0.2595725,0.4008234,0.1393579,0.623747,0.2998658,0.3238812
1.596633,1.355089,0.5372198,0.2596313,0.3988973,0.1390869,0.6202069,0.3000426,0.3201643
1.595853,1.354648,0.5376427,0.2625128,0.3974702,0.1392091,0.6194876,0.2984959,0.3209918
1.597873,1.359499,0.5367486,0.2599418,0.397063,0.1391039,0.6237842,0.2979401,0.3258441
1.597904,1.359253,0.5404469,0.2612929,0.3986697,0.1400808,0.6241879,0.2987285,0.3254594
1.600303,1.359912,0.5369952,0.2609843,0.3946989,0.1399737,0.6247487,0.2964891,0.3282596
1.597913,1.35906,0.5384665,0.263053,0.3939534,0.1397795,0.6231947,0.3000411,0.3231536
1.597714,1.361939,0.5414583,0.262159,0.3963589,0.1397336,0.6262109,0.3003289,0.325882
1.599321,1.361825,0.5414324,0.2609789,0.3965157,0.1394336,0.6249796,0.2998243,0.3251552
1.594827,1.358323,0.5373311,0.2602961,0.3929814,0.1395046,0.6218857,0.2968056,0.3250801
1.591572,1.356655,0.5407815,0.261087,0.3960333,0.1398182,0.6199257,0.2965107,0.323415
1.590106,1.355733,0.5420551,0.2607225,0.3970677,0.1401148,0.6189446,0.2985074,0.3204372
1.593096,1.359575,0.5408634,0.2606429,0.3956488,0.1405275,0.6229782,0.3010416,0.3219365
1.5931,1.357486,0.5414291,0.2603409,0.3965969,0.1400754,0.6205354,0.3011963,0.3193392
1.591509,1.355363,0.540047,0.2598799,0.396068,0.1400717,0.6184782,0.3015739,0.3169043
1.60215,1.360384,0.5397413,0.2578954,0.3985904,0.1399933,0.6235195,0.3013411,0.3221784
1.599857,1.359326,0.5389184,0.2582462,0.3979551,0.1392816,0.622133,0.3028951,0.3192379
1.606784,1.366505,0.5401506,0.259059,0.3986997,0.1391931,0.6294457,0.2999918,0.3294539
1.606512,1.360904,0.5377017,0.2587765,0.3967798,0.1390231,0.6239502,0.2998593,0.3240909
1.605468,1.359867,0.5423745,0.2592527,0.4012185,0.138852,0.6225588,0.3000798,0.322479
1.599463,1.355835,0.5391797,0.2590949,0.3983095,0.1388695,0.6200647,0.3002263,0.3198384
1.597498,1.354141,0.5390539,0.2608781,0.3967997,0.1388052,0.6193957,0.3010771,0.3183186
1.593993,1.352206,0.5379468,0.2595226,0.3980176,0.1389257,0.6174254,0.3006896,0.3167359
1.596077,1.359746,0.5411659,0.2623706,0.3991886,0.1387204,0.6248203,0.3013713,0.323449
1.592514,1.357318,0.5405943,0.2626499,0.3984408,0.1390267,0.6218523,0.3011545,0.3206978
1.597232,1.359214,0.5375163,0.2619158,0.3971941,0.1391793,0.6240256,0.300453,0.3235726
1.598634,1.360038,0.5402523,0.2610237,0.400222,0.1391433,0.6240784,0.301753,0.3223254
1.598816,1.360153,0.5378069,0.2612247,0.3976083,0.1390102,0.6242101,0.3024303,0.3217798
1.603441,1.364211,0.5417221,0.2615485,0.4012307,0.138839,0.628363,0.3016347,0.3267282
1.602174,1.365079,0.5395631,0.2628568,0.3980255,0.1389683,0.6286121,0.3030719,0.3255402
1.60139,1.362497,0.5370901,0.2638,0.3952129,0.1390187,0.6254259,0.3019863,0.3234397
