1.685504,1.471465,0.5688643,0.2628674,0.454159,0.1644246,0.6903574,0.3581283,0.3322291
1.685549,1.472537,0.5689065,0.2627496,0.4522363,0.1635634,0.6884926,0.3563592,0.3321334
1.683144,1.46938,0.5702626,0.2634663,0.4511895,0.1638113,0.6853541,0.352109,0.3332451
1.681495,1.467219,0.5633762,0.2627423,0.443213,0.162601,0.6836147,0.3524049,0.3312098
1.680319,1.46722,0.565944,0.2628547,0.4442082,0.1630834,0.6846056,0.3472395,0.337366
1.681739,1.467291,0.5664923,0.2634025,0.4446258,0.163394,0.6836973,0.3477369,0.3359604
1.672713,1.462312,0.5651671,0.261627,0.4464943,0.1640499,0.6769961,0.3469223,0.3300737
1.673196,1.461097,0.5644892,0.2634729,0.4449293,0.1640707,0.6759188,0.3495914,0.3263274
1.670955,1.459516,0.5659439,0.2639333,0.4472728,0.1639298,0.6758251,0.3484899,0.3273351
1.671225,1.457216,0.5648225,0.2643306,0.4436058,0.1644018,0.6740003,0.3478344,0.3261659
1.667463,1.455423,0.5638476,0.2649394,0.440862,0.1642152,0.6719819,0.3480186,0.3239632
1.668045,1.455503,0.5625678,0.2642674,0.4403987,0.1638266,0.6718933,0.3470572,0.3248361
1.668048,1.456785,0.5659767,0.2671116,0.4407832,0.1633776,0.6726879,0.3469286,0.3257592
1.709843,1.455657,0.5682474,0.2667066,0.4452686,0.1636426,0.6715181,0.3471774,0.3243408
1.709241,1.454559,0.5663106,0.266652,0.4436708,0.1632922,0.671235,0.3465594,0.3246755
1.712209,1.456727,0.565037,0.2669089,0.4420404,0.1639437,0.6706957,0.3464966,0.3241991
1.666027,1.452713,0.5668263,0.2674192,0.4433648,0.1636731,0.6692075,0.3450455,0.3241619
1.6861,1.459524,0.5687723,0.2659659,0.4475459,0.163478,0.6767527,0.344779,0.3319738
1.681203,1.457682,0.5664165,0.264825,0.4459204,0.163687,0.6757354,0.344499,0.3312364
1.675159,1.455255,0.5694532,0.2666751,0.450749,0.1638695,0.6732913,0.3445813,0.32871
1.675765,1.456206,0.5705454,0.2659034,0.4530043,0.1640269,0.673163,0.344852,0.328311
1.673312,1.455465,0.5732895,0.265338,0.4570065,0.1635364,0.6722578,0.3446584,0.3275993
1.672817,1.45554,0.5728426,0.2649282,0.4579892,0.1632427,0.672299,0.3445829,0.3277161
1.673646,1.455782,0.5705597,0.2658001,0.4546315,0.1632441,0.6726051,0.3435545,0.3290506
1.672533,1.455675,0.5717697,0.2664305,0.454757,0.1633035,0.6726997,0.3445658,0.3281339
1.671585,1.45462,0.5741589,0.2673938,0.4558088,0.1635429,0.6720234,0.3443739,0.3276495
1.674147,1.457493,0.572084,0.2670667,0.4537523,0.1634975,0.6746645,0.345613,0.3290515
1.673033,1.457054,0.5727596,0.2690765,0.4510971,0.1637103,0.6744258,0.3456728,0.328753
1.673887,1.457304,0.5736054,0.2701519,0.4501569,0.1634437,0.6751184,0.3473783,0.3277401
1.686678,1.462438,0.5724154,0.2692946,0.4496978,0.163202,0.6794609,0.3470188,0.3324421
1.682662,1.461139,0.5726673,0.2690269,0.450304,0.1635729,0.6782173,0.3465537,0.3316636
1.677637,1.458613,0.5749362,0.2677821,0.4533885,0.1636268,0.675402,0.3461404,0.3292616
1.674802,1.457612,0.5754288,0.268217,0.4534125,0.1635226,0.6743438,0.3462546,0.3280892
1.673424,1.456807,0.5747758,0.2691635,0.4499674,0.1635066,0.6736934,0.3455133,0.32818
1.672839,1.457252,0.5769733,0.2695395,0.4518975,0.163361,0.6744552,0.3460293,0.3284259
1.674372,1.457729,0.5765281,0.268847,0.4510514,0.1634609,0.6749902,0.3462142,0.3287759
1.673064,1.457317,0.5730991,0.2678212,0.4482039,0.1634246,0.6748026,0.3456931,0.3291095
1.67359,1.456832,0.5731682,0.267341,0.4489184,0.1633711,0.6746929,0.3452005,0.3294923
1.675725,1.456358,0.573401,0.2666495,0.4496891,0.1633943,0.6742542,0.3453343,0.3289199
1.6746,1.456333,0.5687439,0.2654013,0.4460541,0.1636422,0.6744526,0.3453378,0.3291148
1.674601,1.456429,0.5714972,0.265058,0.4486069,0.1636643,0.6746313,0.346428,0.3282032
1.66752,1.453164,0.5685779,0.2645557,0.4462385,0.1635442,0.6714233,0.3465102,0.3249131
1.668026,1.453253,0.5705982,0.2629822,0.4566015,0.1634928,0.6712544,0.3461904,0.325064
1.668087,1.454252,0.5659325,0.2627622,0.4417049,0.1634688,0.6717921,0.3458824,0.3259096
1.668464,1.453642,0.5693615,0.2625014,0.4453112,0.1631993,0.6709292,0.346493,0.3244362
1.668819,1.454035,0.5689454,0.2621589,0.446896,0.1632187,0.6709989,0.3465804,0.3244184
1.668768,1.453961,0.5682207,0.2614113,0.4476518,0.1631663,0.6709113,0.3467474,0.3241638
1.674062,1.456405,0.5670577,0.2614951,0.4461865,0.163689,0.6737114,0.3469103,0.326801
1.67513,1.457631,0.5684289,0.2617397,0.447206,0.1639344,0.6736233,0.3462099,0.3274134
1.675724,1.456469,0.5662273,0.2621963,0.4442765,0.1638871,0.6731485,0.3464988,0.3266497
1.677293,1.457161,0.567138,0.2605211,0.4478111,0.1637889,0.6739618,0.3459035,0.3280583
1.677295,1.457711,0.5707666,0.261453,0.4550974,0.1637694,0.674499,0.346045,0.328454
1.676337,1.457102,0.5670633,0.262955,0.4473495,0.1637098,0.6744022,0.3465869,0.3278153
1.671952,1.455363,0.5682225,0.2629988,0.4483161,0.1635853,0.6731274,0.3466639,0.3264635
1.670538,1.453802,0.5689358,0.262126,0.4495715,0.1634666,0.6721219,0.3461046,0.3260173
1.669597,1.453879,0.57055,0.2630261,0.4500122,0.1637088,0.6717859,0.3453762,0.3264097
1.6701,1.454161,0.5680939,0.263174,0.4466675,0.1637248,0.6724486,0.3456203,0.3268283
1.670569,1.456073,0.5664738,0.2632584,0.4438538,0.163705,0.6741665,0.3460414,0.3281251
1.670149,1.455965,0.5668067,0.2629896,0.4435863,0.1635942,0.6740758,0.3460292,0.3280467
1.676044,1.458119,0.5660102,0.2631242,0.4431592,0.1636505,0.676482,0.3458081,0.3306739
1.671702,1.456476,0.5664557,0.2635239,0.4438055,0.1635003,0.6752178,0.3459231,0.3292947
1.67084,1.456217,0.5672382,0.2622319,0.4446364,0.1630976,0.6748223,0.3463611,0.3284612
1.670551,1.456078,0.5680214,0.2618465,0.4447376,0.1630653,0.6748235,0.3468646,0.3279589
1.670208,1.456223,0.5680505,0.265943,0.4421281,0.1629054,0.6748742,0.3461248,0.3287495
1.669548,1.455019,0.5657434,0.2643925,0.4415351,0.1627507,0.6741001,0.3458396,0.3282606
1.672321,1.455497,0.5683337,0.2643214,0.4445177,0.1628435,0.6746406,0.346172,0.3284686
1.671643,1.456323,0.5697057,0.2662437,0.4443394,0.1625573,0.6753902,0.3466396,0.3287506
1.671357,1.456595,0.5751178,0.2656852,0.4581142,0.1624257,0.6747927,0.3463325,0.3284603
1.685764,1.459778,0.5668328,0.2647885,0.43992,0.1624583,0.6781308,0.3460418,0.332089
1.674918,1.456117,0.5676871,0.2648919,0.442975,0.1624814,0.674548,0.3468445,0.3277035
1.675203,1.455417,0.5675828,0.2638873,0.4437559,0.1624673,0.6736658,0.3469878,0.326678
1.674785,1.455698,0.5704011,0.2656165,0.4441187,0.1624718,0.6741717,0.3474498,0.3267219
1.674269,1.455465,0.5676593,0.2657296,0.4403743,0.1624781,0.6739722,0.3473631,0.3266091
1.671515,1.455389,0.5688788,0.2653739,0.4421433,0.162434,0.6734776,0.34765,0.3258276
1.670593,1.453853,0.5696663,0.264823,0.4444674,0.1625554,0.6720698,0.3474105,0.3246594
1.672838,1.456348,0.5678813,0.2658633,0.4416484,0.1624363,0.6762433,0.3469763,0.3292671
1.672315,1.455897,0.5705877,0.2653543,0.4443431,0.1625561,0.6758373,0.3478129,0.3280244
1.67162,1.455732,0.5714132,0.2652331,0.4448175,0.1624774,0.6751836,0.3473382,0.3278454
1.671005,1.455155,0.5678847,0.2648229,0.4423364,0.1625033,0.6742308,0.3473017,0.3269292
