1.771264,1.511864,0.5979235,0.2672361,0.4549585,0.1491316,0.7461419,0.3936549,0.352487
1.772972,1.51269,0.5978372,0.2665566,0.4549064,0.1492415,0.7470785,0.3960884,0.3509901
1.76969,1.511595,0.595973,0.2666033,0.4526462,0.1491751,0.7458197,0.3925442,0.3532756
1.765771,1.509587,0.5949923,0.2677366,0.4512651,0.1495713,0.744085,0.3917605,0.3523245
1.767427,1.510306,0.5942165,0.2676269,0.4526899,0.1495339,0.7449253,0.3922458,0.3526795
1.768372,1.511358,0.5952837,0.2679274,0.4538395,0.149555,0.7451041,0.3924975,0.3526067
1.769564,1.512645,0.592196,0.2683193,0.4504354,0.1494431,0.7454033,0.392173,0.3532304
1.769935,1.513404,0.5904511,0.268424,0.4481018,0.1494965,0.7455789,0.3915889,0.3539901
1.773231,1.513562,0.5938862,0.2679333,0.4519918,0.1495134,0.7459731,0.3967485,0.3492245
1.772909,1.510807,0.5902279,0.2675643,0.4483441,0.1493987,0.743373,0.3969748,0.3463982
1.771976,1.510772,0.5959436,0.2679059,0.4537757,0.1494301,0.7440394,0.3960375,0.3480018
1.773629,1.513272,0.5931569,0.2684035,0.4495623,0.1493726,0.746956,0.397739,0.349217
1.773333,1.513043,0.5923052,0.2709565,0.4431052,0.1492881,0.7467613,0.3985478,0.3482136
1.772952,1.512827,0.5935032,0.2713378,0.4451673,0.1492777,0.7468289,0.3965461,0.3502828
1.77263,1.513268,0.5939132,0.2708482,0.4454426,0.1493223,0.7468047,0.394849,0.3519556
1.772754,1.512931,0.5914571,0.2711069,0.443542,0.1492077,0.7469965,0.3945938,0.3524026
1.772578,1.512763,0.5939259,0.2708504,0.4466867,0.1491922,0.7469946,0.3947693,0.3522252
1.771771,1.51283,0.5960107,0.2648126,0.4578461,0.1487338,0.747838,0.3957803,0.3520577
1.771566,1.512678,0.596431,0.2661835,0.4566577,0.1488588,0.747683,0.3956233,0.3520598
1.770644,1.512469,0.5975009,0.266259,0.4574252,0.1489197,0.7471941,0.3916712,0.355523
1.77112,1.512828,0.5985424,0.2670346,0.4572287,0.1485539,0.747375,0.3936349,0.3537401
1.7746,1.514668,0.592258,0.2675552,0.4503588,0.1487727,0.748923,0.3961534,0.3527696
1.77349,1.514006,0.5953565,0.2683629,0.4536561,0.149003,0.7479817,0.3947184,0.3532632
1.773017,1.513504,0.5930344,0.2678997,0.4514473,0.1490794,0.7476095,0.3953649,0.3522446
1.774955,1.514456,0.5897063,0.2634253,0.4465637,0.149116,0.748528,0.3974972,0.3510308
1.774844,1.514596,0.5944641,0.2647154,0.4502288,0.1490705,0.7487778,0.397394,0.3513838
1.767999,1.510921,0.5949757,0.2656339,0.4513198,0.1490351,0.7456439,0.3946165,0.3510274
1.769236,1.512373,0.5925695,0.2670787,0.4494814,0.1489312,0.746974,0.3938331,0.3531408
1.769993,1.513,0.5928044,0.2670568,0.4509724,0.1488401,0.7469397,0.396297,0.3506427
1.770567,1.513604,0.5939963,0.2677555,0.4506125,0.1487888,0.7471157,0.395862,0.3512538
1.771351,1.514295,0.5901444,0.2690233,0.4463966,0.148856,0.7473415,0.395082,0.3522594
1.772049,1.514912,0.5935359,0.2690212,0.450199,0.1487451,0.7477134,0.3947323,0.3529811
1.770808,1.513558,0.5923432,0.2687522,0.4502959,0.1488262,0.7467434,0.3946925,0.352051
1.771002,1.513727,0.5926721,0.2683933,0.4508786,0.1490251,0.7467138,0.3947662,0.3519476
1.769778,1.512578,0.5923476,0.2680422,0.4505921,0.1491002,0.7464724,0.3950384,0.351434
1.769813,1.512293,0.5934038,0.2683094,0.4514357,0.1490317,0.7467199,0.3958212,0.3508987
1.768586,1.51154,0.5903744,0.2684306,0.4487766,0.1489796,0.7458957,0.3936602,0.3522355
1.7679,1.511184,0.5974598,0.2684859,0.4557038,0.1490465,0.7456726,0.3914968,0.3541758
1.767842,1.510718,0.5921158,0.2676896,0.4512545,0.1490519,0.7453986,0.3916505,0.3537481
1.770571,1.512036,0.5887768,0.2674741,0.4483108,0.1489784,0.7466677,0.3936491,0.3530186
1.772412,1.510692,0.5911787,0.2626346,0.4499533,0.1491188,0.7452053,0.3942239,0.3509815
1.770671,1.509868,0.5906078,0.2650524,0.4494297,0.1492052,0.7442259,0.3915704,0.3526555
1.770544,1.510599,0.5901151,0.2652802,0.4489285,0.149312,0.744889,0.3927231,0.3521659
1.77024,1.510662,0.5909383,0.266095,0.4490762,0.1492557,0.7450615,0.39252,0.3525414
1.770913,1.512265,0.5931312,0.2661336,0.449902,0.1493052,0.746025,0.392456,0.3535689
1.767324,1.510498,0.5953647,0.2665818,0.4513676,0.1493459,0.7441748,0.3922895,0.3518853
1.767954,1.510695,0.5939004,0.2665998,0.4505081,0.1493748,0.7443218,0.3912002,0.3531216
1.775604,1.51404,0.5913852,0.2669118,0.4471553,0.1490133,0.7481044,0.3929284,0.3551759
1.775072,1.513966,0.5925669,0.2661968,0.4481961,0.149054,0.7479773,0.3928523,0.355125
1.774098,1.513378,0.5931355,0.2660025,0.4493814,0.1491116,0.7476179,0.390653,0.3569649
1.771632,1.513149,0.5892689,0.2665943,0.4447137,0.1490915,0.7474216,0.3903306,0.3570909
1.768119,1.511038,0.5926826,0.2672272,0.4481381,0.1490614,0.745386,0.3902659,0.3551201
1.768042,1.510882,0.5933937,0.268354,0.4490519,0.1491325,0.7452348,0.3887369,0.3564979
1.76754,1.510848,0.5907953,0.2662115,0.4504755,0.1491932,0.744971,0.3870002,0.3579708
1.767596,1.510814,0.5921288,0.2669756,0.4512281,0.1492305,0.74503,0.388098,0.356932
1.767929,1.510868,0.5934988,0.2667561,0.451838,0.149239,0.7451708,0.3883671,0.3568037
1.767963,1.511082,0.5927101,0.2709686,0.4514009,0.1492814,0.7452822,0.3888952,0.3563869
1.768014,1.510396,0.5932226,0.2700989,0.4525613,0.1493271,0.7447383,0.389171,0.3555673
1.767206,1.509917,0.5931487,0.2697952,0.4521965,0.1493986,0.745128,0.3895019,0.3556261
1.767118,1.5096,0.5914152,0.2696369,0.4503054,0.1494693,0.7447754,0.3900052,0.3547703
1.765462,1.509298,0.5920008,0.2702357,0.4493769,0.1499229,0.7433982,0.3889636,0.3544346
1.766204,1.50895,0.5945054,0.2676007,0.4560285,0.1498087,0.7431985,0.3896599,0.3535386
1.76636,1.509565,0.5963019,0.2683286,0.4561297,0.1498161,0.7437764,0.3908919,0.3528844
1.767106,1.509981,0.5952942,0.2666145,0.4553215,0.1496586,0.7444664,0.3911189,0.3533474
1.76745,1.50977,0.595256,0.2678315,0.4512314,0.1496923,0.7448232,0.3916027,0.3532206
1.767857,1.510391,0.5904984,0.2689521,0.4451949,0.1497734,0.7446284,0.3914621,0.3531663
1.768771,1.510999,0.5991358,0.268782,0.4539281,0.1495725,0.7449619,0.3908327,0.3541293
1.768209,1.509947,0.597591,0.268808,0.4526561,0.149562,0.7444968,0.3906421,0.3538547
1.768046,1.511707,0.5961795,0.2684468,0.4520464,0.1494435,0.7442728,0.3917912,0.3524816
1.76839,1.51168,0.5933388,0.2687289,0.4491996,0.1494637,0.7447035,0.3906352,0.3540683
1.768438,1.511917,0.5916135,0.2687457,0.4477083,0.1494415,0.7445533,0.3897906,0.3547627
1.768713,1.511057,0.5920857,0.2689621,0.4481373,0.1494906,0.7433458,0.3907347,0.3526111
1.769886,1.512195,0.594119,0.268477,0.4520701,0.1495949,0.74311,0.3904225,0.3526875
1.77036,1.512629,0.593054,0.2684418,0.451571,0.1495966,0.7434353,0.390523,0.3529122
1.767389,1.509175,0.5924584,0.2689784,0.4504275,0.1496852,0.74358,0.3911364,0.3524437
1.768412,1.51062,0.5919842,0.2697955,0.4486835,0.1499235,0.7442462,0.3905089,0.3537374
1.768371,1.510587,0.5920192,0.2648278,0.4498292,0.1497627,0.7439845,0.3889751,0.3550095
1.770341,1.511759,0.5938938,0.2651557,0.4511225,0.149809,0.74479,0.3882919,0.3564981
1.77024,1.511968,0.5934848,0.2649903,0.4517283,0.1497595,0.7451336,0.3885933,0.3565403
1.771046,1.511947,0.5926687,0.2656711,0.4474589,0.1498633,0.7450314,0.3891071,0.3559242
1.767864,1.510493,0.5938093,0.264453,0.4483639,0.1498227,0.7438132,0.3895982,0.354215
1.769333,1.51167,0.5939727,0.2646447,0.4483745,0.149695,0.7451766,0.3897029,0.3554738
1.768967,1.511348,0.5929583,0.2665575,0.4502021,0.1496885,0.74503,0.3896742,0.3553558
1.768676,1.511274,0.5932154,0.2669532,0.450596,0.1494774,0.7452646,0.3898823,0.3553823
1.76858,1.511059,0.591709,0.2668525,0.4503576,0.1495972,0.7449844,0.3903411,0.3546433
1.772261,1.513475,0.5924475,0.266844,0.4508298,0.1497143,0.7464083,0.3929654,0.3534429
1.77031,1.51224,0.594148,0.2671614,0.4522463,0.1498312,0.7455302,0.3884288,0.3571014
1.769916,1.511955,0.5938485,0.2674975,0.4511416,0.1498194,0.7458593,0.3891646,0.3566947
1.770151,1.5121,0.5934861,0.2677617,0.4511084,0.1497544,0.7461088,0.3885373,0.3575715
1.766966,1.510624,0.5923211,0.2680637,0.450068,0.1498404,0.7444307,0.3882459,0.3561848
