1.810196,1.560624,0.6115541,0.2846723,0.4277479,0.1573468,0.7892829,0.4264719,0.362811
1.809436,1.561192,0.6184486,0.2838311,0.435549,0.1571791,0.7898815,0.426259,0.3636224
1.809664,1.561343,0.6185629,0.2708626,0.4350387,0.1568778,0.7901952,0.4266144,0.3635808
1.809421,1.561415,0.6224111,0.2771439,0.4388263,0.1565177,0.7894087,0.4257141,0.3636946
1.808604,1.560397,0.6223599,0.2798476,0.4392312,0.1552696,0.7893528,0.4239222,0.3654306
1.808611,1.560246,0.6201173,0.2803757,0.4368284,0.155298,0.7891044,0.4253634,0.363741
1.816969,1.565435,0.6209645,0.2804396,0.4382396,0.1560778,0.7952968,0.4285972,0.3666997
1.816481,1.563452,0.6223153,0.2811917,0.4389295,0.1565539,0.7925143,0.4278539,0.3646603
1.815886,1.563026,0.6217003,0.2826558,0.4379687,0.156749,0.7926774,0.4283416,0.3643358
1.815103,1.563131,0.6188714,0.282853,0.4345771,0.1564689,0.7927063,0.4288619,0.3638444
1.815956,1.562347,0.6198817,0.2831345,0.4353988,0.1577736,0.7931976,0.4289652,0.3642325
1.815281,1.561964,0.6216269,0.2838032,0.4363059,0.1577817,0.7929516,0.4307534,0.3621982
1.809667,1.559886,0.619453,0.2835734,0.4345081,0.157553,0.7911122,0.4305582,0.360554
1.808697,1.560098,0.6249402,0.2844674,0.4396406,0.1570949,0.7909242,0.4304732,0.3604509
1.810378,1.559955,0.6237157,0.2828566,0.4397661,0.1569048,0.7904459,0.4302969,0.360149
1.811511,1.560363,0.6129125,0.282575,0.4294154,0.1571284,0.7908123,0.4298402,0.360972
1.811333,1.560469,0.6033009,0.2826497,0.4198553,0.1569762,0.7906992,0.4292555,0.3614437
1.812641,1.561387,0.618134,0.2825641,0.4351483,0.1566138,0.7913539,0.4291996,0.3621543
1.813196,1.561801,0.6163231,0.283115,0.4329207,0.1561981,0.7908195,0.4296889,0.3611306
1.812353,1.56145,0.6168428,0.2828147,0.4335236,0.1560268,0.7904506,0.4303388,0.3601117
1.811829,1.561222,0.6216761,0.2832682,0.4380038,0.1560372,0.7901663,0.4309616,0.3592046
1.810749,1.560434,0.6240426,0.2830372,0.4406916,0.155792,0.7883493,0.4309169,0.3574324
1.812758,1.561389,0.6253542,0.2830631,0.4419575,0.1558136,0.7892364,0.4305926,0.3586438
1.809455,1.559545,0.6231876,0.2822106,0.4407583,0.1558284,0.7869869,0.4300069,0.35698
1.808702,1.559115,0.6253926,0.2822924,0.4426414,0.1561078,0.7865121,0.4297824,0.3567297
1.811054,1.561336,0.6246889,0.2816904,0.4423257,0.1562015,0.7890117,0.42996,0.3590517
1.811633,1.561845,0.6236066,0.2825546,0.4410052,0.1561596,0.7891365,0.4294047,0.3597318
1.810614,1.561486,0.6237484,0.2769686,0.4497831,0.1573189,0.7881398,0.4290522,0.3590876
1.808932,1.560444,0.6210974,0.276853,0.4470788,0.157317,0.7860509,0.42683,0.3592209
1.80895,1.561091,0.6215649,0.2693335,0.4603744,0.1573651,0.7868551,0.4270895,0.3597655
1.808609,1.560687,0.6212458,0.2739233,0.4519065,0.1577746,0.7867751,0.4274133,0.3593618
1.809778,1.560509,0.6211218,0.2771636,0.4472968,0.157619,0.7865896,0.4276389,0.3589506
1.809512,1.560237,0.6213879,0.2786427,0.4444589,0.157501,0.7863171,0.4285322,0.3577849
1.811069,1.56084,0.6221288,0.2789563,0.4447002,0.1579756,0.7867219,0.4284124,0.3583094
1.810565,1.560479,0.6172065,0.2737182,0.4480241,0.1578666,0.7864624,0.4281874,0.358275
1.808627,1.559758,0.6120057,0.2759008,0.4391984,0.1579365,0.7855005,0.4279983,0.3575022
1.808082,1.560308,0.6143119,0.2764593,0.4407472,0.1579052,0.7866983,0.4287272,0.3579711
1.807474,1.561307,0.6174982,0.2780336,0.4418664,0.1576374,0.7875826,0.4285788,0.3590038
1.806341,1.56021,0.6186906,0.2790044,0.4416669,0.1578124,0.7868374,0.4285886,0.3582487
1.808977,1.562138,0.615937,0.2793747,0.4385354,0.1575634,0.7882466,0.4293852,0.3588614
1.808966,1.562195,0.6028689,0.2785284,0.4258766,0.1572262,0.7883025,0.4306028,0.3576997
1.811003,1.562557,0.6059569,0.278818,0.428084,0.156408,0.7885594,0.4305467,0.3580127
1.811644,1.562444,0.6049372,0.2794061,0.4254093,0.1553054,0.7883906,0.4312441,0.3571465
1.811289,1.562181,0.6066954,0.2802113,0.4272374,0.1553746,0.7884421,0.4309235,0.3575186
1.813571,1.56332,0.6067393,0.2804116,0.4269364,0.1560074,0.7907724,0.4318738,0.3588986
1.811879,1.562196,0.6069602,0.2740374,0.4265863,0.1556582,0.7899606,0.4311076,0.358853
1.81355,1.562531,0.6073537,0.2778827,0.4261254,0.1559793,0.7909337,0.4311772,0.3597566
1.814292,1.563369,0.6107999,0.280157,0.4281428,0.1559004,0.7920932,0.4315197,0.3605734
1.815495,1.563453,0.6091775,0.2809176,0.4257048,0.155109,0.7916845,0.4308979,0.3607866
1.81078,1.561425,0.6236539,0.2817183,0.4393364,0.1550772,0.789732,0.4310634,0.3586686
1.811162,1.560779,0.6131048,0.281845,0.4289564,0.154992,0.789569,0.4311296,0.3584394
1.811511,1.561409,0.6202045,0.2821274,0.4356318,0.1552339,0.7901129,0.4313767,0.3587362
1.813534,1.562027,0.618106,0.2823106,0.4341668,0.155223,0.7907287,0.4326691,0.3580596
1.813048,1.561836,0.6247303,0.2825992,0.4406309,0.1556889,0.790501,0.4311513,0.3593496
1.810902,1.560597,0.6245512,0.2826102,0.4409107,0.1560433,0.7894294,0.431913,0.3575165
1.812148,1.561958,0.6146391,0.2832223,0.4301562,0.1557467,0.7903402,0.4316305,0.3587096
1.812449,1.56218,0.610733,0.2830147,0.426333,0.1557516,0.7902305,0.4317772,0.3584533
1.811953,1.561228,0.6112678,0.2824638,0.4289457,0.155845,0.7892476,0.4327122,0.3565354
1.811922,1.560865,0.6095347,0.2821071,0.4279687,0.1557141,0.788718,0.4322649,0.3564532
1.810374,1.560407,0.6238087,0.2823421,0.4421569,0.1559581,0.7894592,0.43289,0.3565691
1.810434,1.560164,0.6241754,0.2815682,0.4436436,0.1557817,0.7890968,0.4323244,0.3567725
1.809435,1.55969,0.6222574,0.2813171,0.4420752,0.1561389,0.7886896,0.4318666,0.356823
1.810328,1.560321,0.6217385,0.280737,0.4413931,0.1562629,0.7888355,0.431794,0.3570416
1.809004,1.559727,0.6241138,0.2811254,0.4435228,0.1566973,0.7888602,0.4323839,0.3564763
1.811219,1.560998,0.6195756,0.2806316,0.4398057,0.1564935,0.7895744,0.4323876,0.3571868
1.813093,1.562345,0.6114341,0.2737614,0.4316896,0.1564094,0.7908815,0.4330403,0.3578411
1.811584,1.561826,0.6245685,0.2769553,0.4448726,0.1561785,0.7903517,0.433015,0.3573367
1.814767,1.563703,0.6214613,0.2792476,0.4425125,0.1560878,0.791775,0.432381,0.359394
1.81087,1.56136,0.6140338,0.2814962,0.4329176,0.1564673,0.7898632,0.4314185,0.3584447
1.813489,1.563206,0.6203501,0.2809655,0.4331856,0.1566048,0.7914336,0.4303641,0.3610695
1.813759,1.56351,0.6285875,0.2803985,0.4436243,0.1569097,0.7919946,0.4309781,0.3610165
1.811016,1.56137,0.6142948,0.2814382,0.4303466,0.1572077,0.7914063,0.4310159,0.3603904
1.812419,1.562101,0.6162947,0.2811441,0.4340301,0.1570359,0.7921497,0.430133,0.3620168
1.813044,1.561593,0.6183854,0.2804562,0.4361873,0.1567543,0.7915372,0.4304615,0.3610757
1.81521,1.562843,0.6251495,0.2805281,0.4428178,0.1566995,0.7924928,0.4305938,0.361899
1.81973,1.564915,0.6257529,0.2796227,0.4446113,0.1560793,0.7944266,0.4313847,0.3630418
1.819331,1.564523,0.6216047,0.279084,0.4411356,0.1559478,0.7938334,0.4306419,0.3631915
1.816234,1.563078,0.6228665,0.2791277,0.4427193,0.1568077,0.7917151,0.4307249,0.3609903
1.814209,1.562988,0.6249572,0.280826,0.4444472,0.1570525,0.7923749,0.4311485,0.3612264
1.81317,1.562457,0.6275376,0.2814054,0.4469153,0.156765,0.7916517,0.4295093,0.3621425
1.819065,1.566515,0.6237466,0.2819975,0.4421995,0.1564017,0.7957001,0.4298966,0.3658035
1.81371,1.563372,0.6273642,0.2819042,0.4425432,0.1562689,0.7927909,0.4313603,0.3614307
