1.789521,1.54954,0.6124007,0.2806611,0.4400235,0.1519111,0.7668601,0.4120693,0.3547908
1.789707,1.549903,0.6130764,0.273147,0.4522175,0.1519919,0.7675994,0.412066,0.3555333
1.790702,1.549942,0.6138216,0.2725758,0.4533201,0.1518249,0.7684171,0.4122546,0.3561624
1.790224,1.549007,0.6142715,0.2741467,0.4504491,0.1522266,0.7693228,0.4126586,0.3566642
1.78998,1.551294,0.6144834,0.2719728,0.4532411,0.1526519,0.7718967,0.4119343,0.3599624
1.783693,1.547667,0.6147119,0.2748897,0.4483745,0.152754,0.7693437,0.4125642,0.3567795
1.784793,1.546015,0.6141797,0.2769924,0.4447501,0.1525024,0.7678268,0.4134219,0.3544049
1.785893,1.546468,0.6138746,0.277736,0.4435976,0.1522266,0.7684056,0.4128929,0.3555126
1.787196,1.547494,0.6120552,0.2780949,0.4430866,0.1523434,0.7695292,0.4129895,0.3565398
1.78906,1.548543,0.6089985,0.2787565,0.4409371,0.151861,0.7703397,0.4133245,0.3570153
1.789427,1.54926,0.6118191,0.2789641,0.4432031,0.1518176,0.7703384,0.413243,0.3570954
1.79289,1.549821,0.6093126,0.2774539,0.4429148,0.1517791,0.7690755,0.4134748,0.3556007
1.793265,1.551025,0.6059228,0.2775463,0.4396355,0.1517713,0.7700716,0.4138173,0.3562543
1.793002,1.550786,0.6146232,0.2778533,0.4479983,0.1518031,0.7700346,0.4141695,0.3558651
1.794831,1.551596,0.6121584,0.2785019,0.4443236,0.1519089,0.7710645,0.4141822,0.3568823
1.794794,1.552351,0.6200396,0.2789027,0.450771,0.1516706,0.7718094,0.4145462,0.3572632
1.795374,1.553155,0.6166559,0.27948,0.4465438,0.1516161,0.772627,0.4145632,0.3580638
1.790792,1.550826,0.6139868,0.279591,0.444383,0.1516855,0.7703345,0.4143971,0.3559374
1.79025,1.550253,0.6189803,0.2793351,0.4499037,0.1516224,0.7701632,0.4144209,0.3557423
1.789801,1.549858,0.6245751,0.2801019,0.4545835,0.1516405,0.7698911,0.4137858,0.3561054
1.789063,1.549392,0.6198643,0.2801141,0.450134,0.1517698,0.7703277,0.4137817,0.356546
1.790697,1.549883,0.6155255,0.2801011,0.4456756,0.1516497,0.7709782,0.4142236,0.3567546
1.790758,1.550285,0.6128241,0.2802639,0.4427178,0.1516768,0.7718186,0.4144607,0.3573579
1.792311,1.550821,0.6136151,0.2803093,0.4429892,0.1516422,0.7723536,0.4143695,0.3579841
1.793245,1.551364,0.6109459,0.2804442,0.4397659,0.151582,0.7727075,0.4137317,0.3589758
1.792091,1.55204,0.6152301,0.280394,0.4441223,0.151513,0.7737362,0.4141894,0.3595469
1.794865,1.554308,0.6119893,0.2782446,0.444566,0.1515746,0.7761122,0.4146886,0.3614236
1.797923,1.554899,0.6175954,0.2786562,0.4447105,0.1516437,0.7766954,0.4146,0.3620954
1.796033,1.554403,0.6185176,0.2787143,0.4462456,0.1515965,0.775654,0.4148129,0.3608411
1.79641,1.554826,0.6144881,0.2791821,0.4420882,0.1515634,0.7758129,0.4149969,0.360816
1.797803,1.55567,0.6139065,0.2791988,0.4431362,0.1513986,0.7756618,0.4148479,0.360814
1.797773,1.555667,0.6157683,0.2789589,0.4455716,0.1514519,0.7757783,0.4146303,0.3611479
1.798086,1.556142,0.6129544,0.2792064,0.4422227,0.1514512,0.7760828,0.4143023,0.3617805
1.798286,1.557014,0.614036,0.279519,0.4441403,0.1514407,0.7755067,0.4147674,0.3607393
1.786927,1.552498,0.6195159,0.2794966,0.4494741,0.1515425,0.7709972,0.4153123,0.3556849
1.788963,1.553316,0.6162386,0.2793772,0.4464768,0.1516178,0.7716243,0.4147308,0.3568935
1.789202,1.553471,0.6143102,0.2795603,0.4452502,0.1517669,0.7717866,0.414911,0.3568756
1.791096,1.554684,0.6195265,0.2793459,0.4504138,0.1518723,0.7725426,0.4160818,0.3564608
1.798175,1.558093,0.6223825,0.2795944,0.4523152,0.1520356,0.7759272,0.416604,0.3593233
1.798035,1.558727,0.6142091,0.2797725,0.444554,0.151919,0.7751598,0.4158678,0.3592919
1.799597,1.558872,0.6131704,0.2797316,0.4441614,0.152025,0.775961,0.4171533,0.3588077
1.799515,1.559039,0.6155655,0.279793,0.4463804,0.1520371,0.7761812,0.4184151,0.3577662
1.798858,1.556082,0.6166035,0.2798861,0.4474169,0.1520529,0.7738775,0.4181857,0.3556918
1.795403,1.553039,0.6114638,0.2796077,0.4425667,0.1521505,0.7742283,0.4184145,0.3558139
1.797693,1.555194,0.608052,0.2796676,0.4394978,0.1518802,0.7744254,0.4177433,0.3566821
1.794839,1.553553,0.6180593,0.2792842,0.4497027,0.1517748,0.7745368,0.41795,0.3565868
1.795174,1.553584,0.6242687,0.2792569,0.447666,0.1519128,0.7744882,0.4180861,0.3564021
1.795002,1.554471,0.6223962,0.2788289,0.4489002,0.1518546,0.7753862,0.4173989,0.3579873
1.795879,1.554909,0.6174026,0.278809,0.4465982,0.1516695,0.7757512,0.4165047,0.3592465
1.794439,1.55381,0.617183,0.2788348,0.4465729,0.1516334,0.775858,0.416356,0.359502
1.796101,1.554669,0.6168205,0.2789391,0.4459944,0.1516923,0.776167,0.4159868,0.3601802
1.795285,1.553402,0.6126665,0.2786159,0.4407262,0.1516981,0.7753426,0.4155575,0.3597852
1.796945,1.556027,0.6150894,0.2778082,0.4451201,0.1517739,0.7767656,0.4160539,0.3607117
1.797316,1.556626,0.6117987,0.2779342,0.4414223,0.1517756,0.7771153,0.4160979,0.3610174
1.795895,1.556032,0.6123415,0.2777188,0.4420516,0.1518612,0.7762806,0.4159296,0.3603509
1.795913,1.555416,0.6108709,0.277742,0.4404188,0.151624,0.7756546,0.4162121,0.3594424
1.795332,1.554924,0.6124591,0.277782,0.4417152,0.1518079,0.7751728,0.4163295,0.3588433
1.79632,1.555808,0.6160849,0.2776884,0.4453923,0.152391,0.7755327,0.4164859,0.3590468
1.798309,1.556124,0.6156,0.2778519,0.4447647,0.1524449,0.7772754,0.416736,0.3605395
1.797817,1.555784,0.6130838,0.2781706,0.4422155,0.1523933,0.7772382,0.4166265,0.3606117
1.797888,1.555654,0.6134512,0.2782481,0.4443242,0.1523543,0.7775627,0.4179015,0.3596612
1.7978,1.557041,0.6143059,0.2784767,0.4452146,0.1523423,0.779075,0.4179594,0.3611156
1.797273,1.556423,0.6124666,0.2785308,0.4416544,0.1522358,0.7789268,0.4175838,0.361343
1.796773,1.555056,0.6140904,0.2785222,0.4433788,0.1531146,0.7781037,0.4181469,0.3599568
1.796697,1.555001,0.6136618,0.2785149,0.4428255,0.1531088,0.7781336,0.4185929,0.3595408
1.796017,1.555311,0.6144852,0.275274,0.4434113,0.1531204,0.7787037,0.4187163,0.3599875
1.795991,1.555381,0.6154507,0.2757606,0.4472384,0.1530063,0.7785563,0.4186381,0.3599181
1.794691,1.554578,0.6129426,0.2735028,0.4487368,0.15302,0.778273,0.4184521,0.3598209
1.794184,1.554047,0.6149197,0.2742805,0.449592,0.1527162,0.7781119,0.4183602,0.3597517
1.794373,1.554945,0.6122801,0.2705611,0.4530611,0.1524159,0.7790899,0.4187587,0.3603312
1.79253,1.554752,0.6109259,0.2733302,0.4472395,0.1523086,0.7786518,0.4199474,0.3587045
1.792581,1.55438,0.6123129,0.2744169,0.4473411,0.1521486,0.7789986,0.4175344,0.3614641
1.791373,1.553255,0.6131431,0.2749915,0.4484378,0.1521127,0.7792153,0.4184296,0.3607857
1.791485,1.553487,0.6132743,0.275725,0.4477717,0.1521902,0.7796103,0.4185464,0.3610638
1.790784,1.552062,0.6119746,0.275941,0.4448843,0.152231,0.7792944,0.4190647,0.3602297
1.78861,1.550259,0.610913,0.2767919,0.4423421,0.1522173,0.7792988,0.4194365,0.3598622
1.787715,1.54921,0.6118384,0.2769262,0.4430671,0.1520458,0.778352,0.4192512,0.3591008
1.79023,1.550201,0.6105442,0.2761383,0.4433094,0.1520017,0.7791581,0.4183831,0.360775
1.791941,1.551188,0.610799,0.2763115,0.4433379,0.1519389,0.7790672,0.4185756,0.3604916
1.789955,1.550093,0.6110082,0.2764534,0.4437107,0.1520949,0.7786179,0.4188856,0.3597324
1.789663,1.550543,0.6205698,0.2764059,0.4531356,0.1521263,0.7785272,0.4187263,0.3598009
1.791152,1.552325,0.6160933,0.2763691,0.4482134,0.1520975,0.7787269,0.4190355,0.3596915
1.789842,1.550749,0.6149436,0.2757274,0.4475512,0.1519735,0.7782929,0.4189282,0.3593647
1.79052,1.551546,0.6124728,0.2757195,0.4452004,0.151995,0.7784531,0.4183021,0.3601511
1.789546,1.551137,0.6117984,0.2756689,0.444494,0.1520144,0.7780725,0.4188161,0.3592563
1.791069,1.551672,0.6151285,0.276318,0.4468779,0.1520837,0.7787107,0.4191956,0.3595151
1.792089,1.552619,0.6137843,0.276388,0.4453309,0.1520595,0.7788277,0.4187652,0.3600625
1.791083,1.551661,0.6114231,0.2762347,0.4433248,0.1519693,0.7789229,0.4186153,0.3603075
1.790892,1.551101,0.6106159,0.2757487,0.443186,0.152058,0.7793217,0.4198559,0.3594658
1.791856,1.550778,0.6096857,0.2729253,0.4466517,0.1521955,0.7785124,0.4186628,0.3598496
