1.462654,1.248805,0.5032499,0.2475131,0.3792505,0.1334142,0.5257552,0.2599374,0.2658178
1.462434,1.248231,0.5077624,0.2472918,0.3840117,0.133358,0.5254049,0.2601386,0.2652663
1.461035,1.247175,0.508297,0.2477056,0.3841729,0.1334362,0.5254258,0.2605921,0.2648337
1.461437,1.249589,0.5095127,0.2495348,0.3841698,0.1333779,0.5276995,0.2605188,0.2671807
1.461646,1.24965,0.5063345,0.2483188,0.3817193,0.133524,0.5274178,0.2605325,0.2668853
1.458707,1.248185,0.5062216,0.2482348,0.3816463,0.1334635,0.5259463,0.2604728,0.2654735
1.458991,1.248473,0.5082952,0.2482588,0.3836941,0.1336547,0.5262841,0.2611103,0.2651738
1.457795,1.247955,0.509562,0.2481686,0.3850885,0.1336512,0.5263216,0.2612264,0.2650952
1.456925,1.247369,0.507952,0.2483603,0.3830858,0.1335593,0.5261986,0.2641537,0.2620448
1.458669,1.248276,0.5061915,0.2475674,0.3817597,0.1335804,0.5274807,0.2639378,0.2635428
1.459699,1.24877,0.5082709,0.2484483,0.3825126,0.1335018,0.5280194,0.2637848,0.2642347
1.459514,1.248741,0.5056047,0.2479894,0.3802511,0.133527,0.5279794,0.2634562,0.2645232
1.459552,1.248746,0.5076419,0.2474918,0.3825867,0.1335369,0.5278772,0.2635688,0.2643084
1.459331,1.248654,0.5052335,0.247479,0.3798704,0.1335716,0.5277253,0.2649747,0.2627507
1.459765,1.248567,0.5065774,0.2466794,0.3827188,0.1339706,0.527712,0.2646839,0.2630281
1.462168,1.249663,0.5063643,0.2466905,0.3822958,0.1341748,0.528929,0.2647192,0.2642098
1.460277,1.248786,0.5068738,0.2461292,0.3836477,0.1342636,0.5279619,0.2646902,0.2632717
1.459743,1.247947,0.5071465,0.2455659,0.38432,0.1337893,0.5272419,0.2641459,0.263096
1.459851,1.24812,0.5066736,0.2469267,0.3827579,0.1338532,0.5270973,0.2638694,0.2632279
1.460558,1.248514,0.5042431,0.246922,0.3804286,0.1338464,0.5275387,0.2638282,0.2637105
1.459915,1.248868,0.5048383,0.2482574,0.3781531,0.1339248,0.5278996,0.2634352,0.2644644
1.459984,1.250001,0.5055585,0.2471707,0.3798983,0.1336783,0.5287899,0.2646562,0.2641337
1.459367,1.249788,0.5091818,0.2472339,0.3835204,0.1338826,0.5281541,0.2639447,0.2642094
1.459373,1.249794,0.5079827,0.246811,0.3832854,0.1340889,0.5282093,0.2636207,0.2645887
1.459011,1.249502,0.5063664,0.250346,0.3761526,0.1340521,0.5280768,0.2633361,0.2647408
1.459802,1.249297,0.5066034,0.250583,0.3762111,0.1341233,0.5279836,0.2630498,0.2649339
1.459581,1.249296,0.507641,0.2522172,0.3758321,0.1339908,0.5280652,0.2629374,0.2651277
1.459517,1.249284,0.5046567,0.2507292,0.3735117,0.1339383,0.5280409,0.2634656,0.2645754
1.456011,1.247662,0.505385,0.2493954,0.3761862,0.1339081,0.5267597,0.2636259,0.2631339
1.456952,1.247956,0.5084965,0.2495214,0.3791449,0.1337427,0.5269378,0.2625193,0.2644185
1.456932,1.248494,0.5070729,0.2498503,0.3775268,0.1337175,0.5275572,0.2633546,0.2642026
1.456984,1.248156,0.5062081,0.2495514,0.3769512,0.133729,0.5268574,0.2634722,0.2633852
1.456751,1.2481,0.5059549,0.2486176,0.378166,0.1335705,0.5268819,0.263845,0.2630369
1.456624,1.248127,0.5059158,0.2484472,0.3786777,0.1334933,0.5272501,0.2635001,0.2637499
1.456931,1.248324,0.5060658,0.2481636,0.3787889,0.1334708,0.5273896,0.2632678,0.2641218
1.453947,1.246717,0.5062934,0.247777,0.3794214,0.13351,0.5259597,0.2633358,0.2626239
1.462804,1.251071,0.5058953,0.2474571,0.3794976,0.1338588,0.5302292,0.2630211,0.2672082
1.462518,1.250435,0.5079523,0.248387,0.3809136,0.1339588,0.5297279,0.2623728,0.2673552
1.461643,1.250513,0.5084158,0.2489127,0.3813657,0.1339334,0.529972,0.2625287,0.2674433
1.459919,1.249787,0.5058028,0.2498281,0.3783912,0.1339233,0.528437,0.2621422,0.2662949
1.459442,1.249552,0.5064347,0.2494987,0.3791599,0.1338776,0.5282427,0.2618964,0.2663463
1.45831,1.249466,0.5086119,0.2496736,0.3812419,0.1338152,0.5280026,0.2626925,0.2653101
1.457951,1.248716,0.5055659,0.2500138,0.3777785,0.1335853,0.5280808,0.26357,0.2645108
1.457145,1.248266,0.5073305,0.2514383,0.3789697,0.1336705,0.5275311,0.2634214,0.2641097
1.45682,1.248063,0.5085917,0.2513438,0.3802373,0.1338315,0.5274799,0.2631491,0.2643308
1.457159,1.248154,0.5101098,0.2524067,0.3802473,0.1333694,0.527225,0.2628231,0.2644018
1.4566,1.246723,0.508738,0.252305,0.3790225,0.1333707,0.525905,0.2623341,0.2635708
1.455326,1.246175,0.5084299,0.2513813,0.3799037,0.133426,0.5252698,0.2619875,0.2632823
1.455308,1.246023,0.5077322,0.2505331,0.3798671,0.1335195,0.5252236,0.2623814,0.2628421
1.455305,1.246038,0.5095737,0.252254,0.3801458,0.1334697,0.5252448,0.2619993,0.2632455
1.455568,1.246097,0.5106019,0.251593,0.3819556,0.1335731,0.5255471,0.2618973,0.2636499
1.45449,1.24592,0.5081663,0.2507347,0.3802399,0.1336177,0.5251006,0.2618979,0.2632028
1.455774,1.246835,0.5088668,0.2523235,0.379795,0.1336594,0.5259062,0.2623051,0.263601
1.456039,1.246949,0.5082887,0.2519839,0.3794858,0.1336928,0.5261253,0.2623122,0.263813
1.45759,1.247704,0.5101236,0.2517898,0.3815112,0.1334984,0.5270712,0.2626263,0.2644449
1.45974,1.249076,0.5127359,0.2517322,0.3842337,0.1336117,0.5286185,0.2628508,0.2657676
1.458056,1.248457,0.5103722,0.2519076,0.3821757,0.1335917,0.5282483,0.2630395,0.2652088
1.458014,1.248195,0.5084968,0.2513282,0.3811641,0.1336163,0.527884,0.2636102,0.2642739
1.456613,1.247175,0.51013,0.2515226,0.3823197,0.1336681,0.5274379,0.2632666,0.2641713
1.456393,1.246841,0.5114851,0.2538289,0.3809154,0.1335302,0.5272822,0.2637002,0.263582
1.456399,1.246928,0.5101053,0.2535941,0.3796843,0.1335654,0.5276216,0.2636466,0.263975
1.457076,1.247408,0.5075758,0.2529346,0.3779134,0.1338826,0.5273126,0.2634993,0.2638133
1.45769,1.247474,0.5117829,0.2527847,0.3817018,0.1338992,0.5267742,0.2640705,0.2627036
1.459732,1.248911,0.5095953,0.2514502,0.3806002,0.133923,0.5278141,0.2637626,0.2640515
1.459714,1.247335,0.5083717,0.2502647,0.3808473,0.1338993,0.5263964,0.2636017,0.2627947
1.459302,1.246989,0.5094451,0.2498314,0.3826892,0.1339334,0.5264639,0.2636995,0.2627644
1.459928,1.247294,0.5091,0.2501344,0.3826264,0.1339729,0.5271213,0.2638908,0.2632305
1.458024,1.245588,0.5084819,0.250357,0.3819664,0.1339905,0.5270048,0.2637202,0.2632846
1.456638,1.244826,0.5093802,0.2509663,0.3816821,0.1340266,0.5267931,0.2653509,0.2614422
1.456968,1.245128,0.5087021,0.2509097,0.380978,0.1342293,0.526877,0.2644925,0.2623844
1.459358,1.246554,0.5081103,0.2515527,0.3796901,0.1341426,0.5282432,0.2638398,0.2644034
1.459775,1.247068,0.5087407,0.2517217,0.3801039,0.1342585,0.5282788,0.2634783,0.2648005
1.459214,1.245649,0.5105299,0.2525207,0.3808109,0.1343857,0.5267619,0.263392,0.2633699
1.461497,1.246746,0.5094076,0.2527237,0.3793851,0.134428,0.528485,0.2631146,0.2653704
1.461299,1.247166,0.5095391,0.2532333,0.3797978,0.1344119,0.5285212,0.2632498,0.2652714
1.458265,1.245714,0.5107872,0.2526506,0.3820913,0.1345177,0.5271168,0.2632348,0.263882
1.458756,1.245949,0.5104663,0.2524422,0.3819029,0.1344566,0.5276189,0.263389,0.2642299
1.457352,1.245813,0.5108467,0.2523871,0.3821443,0.134371,0.5272506,0.2633524,0.2638982
1.457252,1.245937,0.5132113,0.2520753,0.3830542,0.1346981,0.5268266,0.2638498,0.2629767
1.457147,1.245945,0.5107343,0.2531216,0.3794926,0.1346981,0.5268383,0.2649644,0.2618739
1.457186,1.245888,0.5074221,0.2535646,0.3756107,0.1346923,0.5266678,0.2637974,0.2628704
1.457808,1.246547,0.5105747,0.2515241,0.3809611,0.1348103,0.5264752,0.2634607,0.2630144
1.457137,1.246332,0.5110686,0.2522877,0.3806962,0.1345945,0.5262395,0.2639538,0.2622857
1.456717,1.245733,0.5095347,0.2536346,0.3776852,0.1337836,0.5266071,0.2647674,0.2618397
1.457258,1.246362,0.5110661,0.2546688,0.3794755,0.1339079,0.527208,0.2651805,0.2620275
1.457367,1.246383,0.5102866,0.2524608,0.3811182,0.1340182,0.5269343,0.2649505,0.2619837
1.457312,1.247329,0.5075522,0.2527343,0.3781236,0.1342057,0.5279415,0.2647477,0.2631938
1.459099,1.248582,0.5111142,0.2534,0.3819107,0.1341942,0.5285252,0.264716,0.2638091
